0 1.0 12 
1 1.0 20 
2 1.0 9 
3 1.0 29 
4 1.0 8 
5 1.0 22 
6 1.0 8 
7 1.0 11 
8 1.0 26 
9 1.0 29 
10 1.0 17 
11 1.0 33 
12 1.0 11 
13 1.0 11 
14 1.0 29 
15 1.0 13 
16 1.0 17 
17 1.0 12 
18 1.0 16 
19 1.0 15 
20 1.0 21 
21 1.0 14 
22 1.0 29 
23 1.0 16 
24 1.0 22 
25 1.0 25 
26 1.0 23 
27 1.0 32 
28 1.0 17 
29 1.0 13 
30 1.0 15 
31 1.0 16 
32 1.0 23 
33 1.0 18 
34 1.0 28 
35 1.0 19 
36 1.0 14 
37 1.0 25 
38 1.0 16 
39 1.0 21 
40 1.0 9 
41 1.0 11 
42 1.0 14 
43 1.0 23 
44 1.0 13 
45 1.0 11 
46 1.0 14 
47 1.0 27 
48 1.0 32 
49 1.0 22 
50 1.0 19 
51 1.0 11 
52 1.0 14 
53 1.0 25 
54 1.0 16 
55 1.0 12 
56 1.0 12 
57 1.0 27 
58 1.0 63 
59 1.0 21 
60 1.0 24 
61 1.0 43 
62 1.0 14 
63 1.0 19 
64 1.0 13 
65 1.0 9 
66 1.0 24 
67 1.0 19 
68 1.0 13 
69 1.0 11 
70 1.0 16 
71 1.0 17 
72 1.0 21 
73 1.0 13 
74 1.0 9 
75 1.0 26 
76 1.0 15 
77 1.0 23 
78 1.0 11 
79 1.0 11 
80 1.0 13 
81 1.0 25 
82 1.0 14 
83 1.0 16 
84 1.0 21 
85 1.0 15 
86 1.0 13 
87 1.0 12 
88 1.0 13 
89 1.0 12 
90 1.0 15 
91 1.0 10 
92 1.0 12 
93 1.0 11 
94 1.0 17 
95 1.0 13 
96 1.0 20 
97 1.0 11 
98 1.0 12 
99 1.0 27 
100 1.0 14 
101 1.0 15 
102 1.0 16 
103 1.0 13 
104 1.0 19 
105 1.0 17 
106 1.0 10 
107 1.0 11 
108 1.0 19 
109 1.0 12 
110 1.0 8 
111 1.0 13 
112 1.0 15 
113 1.0 16 
114 1.0 10 
115 1.0 11 
116 1.0 12 
117 1.0 18 
118 1.0 18 
119 1.0 21 
120 1.0 8 
121 1.0 14 
122 1.0 11 
123 1.0 19 
124 1.0 13 
125 1.0 11 
126 1.0 11 
127 1.0 18 
128 1.0 12 
129 1.0 13 
130 1.0 10 
131 1.0 11 
132 1.0 14 
133 1.0 19 
134 1.0 27 
135 1.0 16 
136 1.0 16 
137 1.0 20 
138 1.0 16 
139 1.0 23 
140 1.0 13 
141 1.0 15 
142 1.0 19 
143 1.0 17 
144 1.0 16 
145 1.0 14 
146 1.0 15 
147 1.0 20 
148 1.0 18 
149 1.0 19 
150 1.0 23 
151 1.0 17 
152 1.0 16 
153 1.0 12 
154 1.0 18 
155 1.0 25 
156 1.0 24 
157 1.0 17 
158 1.0 14 
159 1.0 26 
160 1.0 26 
161 1.0 19 
162 1.0 22 
163 1.0 23 
164 1.0 22 
165 1.0 14 
166 1.0 23 
167 1.0 21 
168 1.0 33 
169 1.0 19 
170 1.0 21 
171 1.0 23 
172 1.0 24 
173 1.0 42 
174 1.0 74 
175 1.0 21 
176 1.0 20 
177 1.0 26 
178 1.0 22 
179 1.0 17 
180 1.0 16 
181 1.0 18 
182 1.0 28 
183 1.0 16 
184 1.0 40 
185 1.0 22 
186 1.0 18 
187 1.0 26 
188 1.0 20 
189 1.0 25 
190 1.0 42 
191 1.0 22 
192 1.0 20 
193 1.0 24 
194 1.0 32 
195 1.0 14 
196 1.0 28 
197 1.0 43 
198 1.0 32 
199 1.0 8 
200 1.0 56 
201 1.0 16 
202 1.0 10 
203 1.0 40 
204 1.0 38 
205 1.0 34 
206 1.0 70 
207 1.0 37 
208 1.0 77 
209 1.0 26 
210 1.0 10 
211 1.0 21 
212 1.0 29 
213 1.0 10 
214 1.0 73 
215 1.0 25 
216 1.0 34 
217 1.0 10 
218 1.0 32 
219 1.0 24 
220 1.0 20 
221 1.0 19 
222 1.0 21 
223 1.0 23 
224 1.0 23 
225 1.0 17 
226 1.0 24 
227 1.0 16 
228 1.0 22 
229 1.0 16 
230 1.0 32 
231 1.0 30 
232 1.0 37 
233 1.0 59 
234 1.0 20 
235 1.0 24 
236 1.0 19 
237 1.0 24 
238 1.0 22 
239 1.0 27 
240 1.0 22 
241 1.0 26 
242 1.0 23 
243 1.0 26 
244 1.0 34 
245 1.0 68 
246 1.0 45 
247 1.0 36 
248 1.0 26 
249 1.0 51 
250 1.0 45 
251 1.0 31 
252 1.0 25 
253 1.0 21 
254 1.0 29 
255 1.0 22 
256 1.0 27 
257 1.0 21 
258 1.0 9 
259 1.0 37 
260 1.0 24 
261 1.0 21 
262 1.0 32 
263 1.0 19 
264 1.0 32 
265 1.0 41 
266 1.0 28 
267 1.0 54 
268 1.0 39 
269 1.0 22 
270 1.0 19 
271 1.0 29 
272 1.0 14 
273 1.0 23 
274 1.0 19 
275 1.0 27 
276 1.0 29 
277 1.0 31 
278 1.0 49 
279 1.0 37 
280 1.0 23 
281 1.0 28 
282 1.0 30 
283 1.0 72 
284 1.0 37 
285 1.0 50 
286 1.0 39 
287 1.0 29 
288 1.0 28 
289 1.0 52 
290 1.0 28 
291 1.0 30 
292 1.0 24 
293 1.0 43 
294 1.0 26 
295 1.0 36 
296 1.0 34 
297 1.0 25 
298 1.0 25 
299 1.0 33 
300 1.0 25 
301 1.0 21 
302 1.0 61 
303 1.0 32 
304 1.0 64 
305 1.0 48 
306 1.0 47 
307 1.0 164 
308 1.0 92 
309 1.0 184 
310 1.0 63 
311 1.0 40 
312 1.0 105 
313 1.0 40 
314 1.0 43 
315 1.0 13 
316 1.0 24 
317 1.0 25 
318 1.0 20 
319 1.0 74 
320 1.0 58 
321 1.0 23 
322 1.0 36 
323 1.0 27 
324 1.0 26 
325 1.0 19 
326 1.0 21 
327 1.0 21 
328 1.0 21 
329 1.0 30 
330 1.0 18 
331 1.0 20 
332 1.0 19 
333 1.0 175 
334 1.0 46 
335 1.0 48 
336 1.0 33 
337 1.0 17 
338 1.0 21 
339 1.0 29 
340 1.0 26 
341 1.0 33 
342 1.0 113 
343 1.0 81 
344 1.0 35 
345 1.0 32 
346 1.0 27 
347 1.0 106 
348 1.0 30 
349 1.0 57 
350 1.0 16 
351 1.0 22 
352 1.0 35 
353 1.0 61 
354 1.0 108 
355 1.0 49 
356 1.0 88 
357 1.0 54 
358 1.0 148 
359 1.0 24 
360 1.0 79 
361 1.0 53 
362 1.0 59 
363 1.0 28 
364 1.0 24 
365 1.0 41 
366 1.0 29 
367 1.0 52 
368 1.0 42 
369 1.0 34 
370 1.0 53 
371 1.0 18 
372 1.0 24 
373 1.0 29 
374 1.0 102 
375 1.0 46 
376 1.0 37 
377 1.0 26 
378 1.0 43 
379 1.0 46 
380 1.0 34 
381 1.0 26 
382 1.0 24 
383 1.0 41 
384 1.0 35 
385 1.0 20 
386 1.0 20 
387 1.0 17 
388 1.0 13 
389 1.0 18 
390 1.0 38 
391 1.0 55 
392 1.0 147 
393 1.0 47 
394 1.0 237 
395 1.0 101 
396 1.0 41 
397 1.0 29 
398 1.0 54 
399 1.0 46 
400 1.0 96 
401 1.0 50 
402 1.0 18 
403 1.0 13 
404 1.0 16 
405 1.0 19 
406 1.0 24 
407 1.0 19 
408 1.0 39 
409 1.0 48 
410 1.0 58 
411 1.0 27 
412 1.0 22 
413 1.0 15 
414 1.0 14 
415 1.0 17 
416 1.0 13 
417 1.0 14 
418 1.0 27 
419 1.0 51 
420 1.0 37 
421 1.0 30 
422 1.0 61 
423 1.0 56 
424 1.0 36 
425 1.0 23 
426 1.0 25 
427 1.0 26 
428 1.0 21 
429 1.0 21 
430 1.0 8 
431 1.0 12 
432 1.0 30 
433 1.0 34 
434 1.0 31 
435 1.0 61 
436 1.0 33 
437 1.0 66 
438 1.0 26 
439 1.0 157 
440 1.0 53 
441 1.0 36 
442 1.0 32 
443 1.0 122 
444 1.0 37 
445 1.0 41 
446 1.0 45 
447 1.0 31 
448 1.0 34 
449 1.0 40 
450 1.0 51 
451 1.0 68 
452 1.0 32 
453 1.0 38 
454 1.0 33 
455 1.0 46 
456 1.0 25 
457 1.0 50 
458 1.0 41 
459 1.0 23 
460 1.0 24 
461 1.0 30 
462 1.0 66 
463 1.0 49 
464 1.0 66 
465 1.0 132 
466 1.0 14 
467 1.0 17 
468 1.0 42 
469 1.0 137 
470 1.0 42 
471 1.0 41 
472 1.0 37 
473 1.0 43 
474 1.0 38 
475 1.0 159 
476 1.0 57 
477 1.0 41 
478 1.0 64 
479 1.0 49 
480 1.0 137 
481 1.0 155 
482 1.0 116 
483 1.0 180 
484 1.0 83 
485 1.0 73 
486 1.0 65 
487 1.0 72 
488 1.0 181 
489 1.0 126 
490 1.0 90 
491 1.0 132 
492 1.0 300 
493 1.0 92 
494 1.0 34 
495 1.0 83 
496 1.0 123 
497 1.0 69 
498 1.0 283 
499 1.0 118 
500 1.0 212 
501 1.0 129 
502 1.0 122 
503 1.0 44 
504 1.0 35 
505 1.0 80 
506 1.0 98 
507 1.0 54 
508 1.0 54 
509 1.0 63 
510 1.0 347 
511 1.0 84 
512 1.0 434 
513 1.0 37 
514 1.0 85 
515 1.0 62 
516 1.0 100 
517 1.0 112 
518 1.0 115 
519 1.0 114 
520 1.0 77 
521 1.0 30 
522 1.0 44 
523 1.0 44 
524 1.0 44 
525 1.0 50 
526 1.0 48 
527 1.0 181 
528 1.0 337 
529 1.0 500 
530 1.0 145 
531 1.0 39 
532 1.0 46 
533 1.0 52 
534 1.0 401 
535 1.0 439 
536 1.0 114 
537 1.0 340 
538 1.0 189 
539 1.0 209 
540 1.0 170 
541 1.0 183 
542 1.0 169 
543 1.0 59 
544 1.0 305 
545 1.0 148 
546 1.0 137 
547 1.0 122 
548 1.0 286 
549 1.0 500 
550 1.0 167 
551 1.0 206 
552 1.0 58 
553 1.0 48 
554 1.0 145 
555 1.0 235 
556 1.0 88 
557 1.0 227 
558 1.0 45 
559 1.0 68 
560 1.0 476 
561 1.0 464 
562 1.0 164 
563 1.0 129 
564 1.0 69 
565 1.0 500 
566 1.0 295 
567 1.0 104 
568 1.0 170 
569 1.0 264 
570 1.0 384 
571 1.0 247 
572 1.0 143 
573 1.0 130 
574 1.0 54 
575 1.0 69 
576 1.0 343 
577 1.0 217 
578 1.0 57 
579 1.0 298 
580 1.0 199 
581 1.0 245 
582 1.0 172 
583 1.0 69 
584 1.0 68 
585 1.0 423 
586 1.0 147 
587 1.0 110 
588 1.0 172 
589 1.0 165 
590 1.0 189 
591 1.0 203 
592 1.0 170 
593 1.0 209 
594 1.0 108 
595 1.0 178 
596 1.0 169 
597 1.0 203 
598 1.0 172 
599 1.0 330 
600 1.0 194 
601 1.0 248 
602 1.0 430 
603 1.0 273 
604 1.0 303 
605 1.0 287 
606 1.0 500 
607 1.0 229 
608 1.0 473 
609 1.0 403 
610 1.0 191 
611 1.0 469 
612 1.0 435 
613 1.0 151 
614 1.0 249 
615 1.0 221 
616 1.0 274 
617 1.0 238 
618 1.0 78 
619 1.0 234 
620 1.0 189 
621 1.0 183 
622 1.0 183 
623 1.0 244 
624 1.0 157 
625 1.0 170 
626 1.0 273 
627 1.0 210 
628 1.0 155 
629 1.0 131 
630 1.0 173 
631 1.0 153 
632 1.0 154 
633 1.0 141 
634 1.0 123 
635 1.0 162 
636 1.0 167 
637 1.0 178 
638 1.0 75 
639 1.0 141 
640 1.0 130 
641 1.0 114 
642 1.0 128 
643 1.0 156 
644 1.0 152 
645 1.0 155 
646 1.0 154 
647 1.0 213 
648 1.0 423 
649 1.0 128 
650 1.0 132 
651 1.0 173 
652 1.0 130 
653 1.0 165 
654 1.0 145 
655 1.0 191 
656 1.0 138 
657 1.0 42 
658 1.0 92 
659 1.0 310 
660 1.0 159 
661 1.0 138 
662 1.0 181 
663 1.0 165 
664 1.0 163 
665 1.0 168 
666 1.0 169 
667 1.0 295 
668 1.0 162 
669 1.0 185 
670 1.0 270 
671 1.0 96 
672 1.0 250 
673 1.0 184 
674 1.0 276 
675 1.0 452 
676 1.0 239 
677 1.0 189 
678 1.0 256 
679 1.0 266 
680 1.0 157 
681 1.0 271 
682 1.0 94 
683 1.0 490 
684 1.0 231 
685 1.0 221 
686 1.0 258 
687 1.0 308 
688 1.0 127 
689 1.0 373 
690 1.0 361 
691 1.0 265 
692 1.0 162 
693 1.0 304 
694 1.0 146 
695 1.0 175 
696 1.0 279 
697 1.0 160 
698 1.0 163 
699 1.0 185 
700 1.0 194 
701 1.0 189 
702 1.0 187 
703 1.0 161 
704 1.0 183 
705 1.0 165 
706 1.0 174 
707 1.0 187 
708 1.0 169 
709 1.0 114 
710 1.0 139 
711 1.0 160 
712 1.0 500 
713 1.0 181 
714 1.0 137 
715 1.0 46 
716 1.0 313 
717 1.0 166 
718 1.0 166 
719 1.0 290 
720 1.0 175 
721 1.0 358 
722 1.0 184 
723 1.0 180 
724 1.0 200 
725 1.0 282 
726 1.0 166 
727 1.0 164 
728 1.0 147 
729 1.0 172 
730 1.0 170 
731 1.0 154 
732 1.0 139 
733 1.0 178 
734 1.0 123 
735 1.0 353 
736 1.0 178 
737 1.0 500 
738 1.0 190 
739 1.0 131 
740 1.0 252 
741 1.0 211 
742 1.0 173 
743 1.0 153 
744 1.0 216 
745 1.0 188 
746 1.0 141 
747 1.0 159 
748 1.0 162 
749 1.0 185 
750 1.0 146 
751 1.0 178 
752 1.0 157 
753 1.0 256 
754 1.0 123 
755 1.0 197 
756 1.0 143 
757 1.0 311 
758 1.0 129 
759 1.0 169 
760 1.0 136 
761 1.0 149 
762 1.0 184 
763 1.0 134 
764 1.0 149 
765 1.0 133 
766 1.0 203 
767 1.0 156 
768 1.0 152 
769 1.0 147 
770 1.0 147 
771 1.0 136 
772 1.0 157 
773 1.0 147 
774 1.0 144 
775 1.0 184 
776 1.0 143 
777 1.0 312 
778 1.0 177 
779 1.0 146 
780 1.0 192 
781 1.0 135 
782 1.0 121 
783 1.0 170 
784 1.0 164 
785 1.0 155 
786 1.0 169 
787 1.0 195 
788 1.0 44 
789 1.0 100 
790 1.0 191 
791 1.0 186 
792 1.0 154 
793 1.0 212 
794 1.0 500 
795 1.0 250 
796 1.0 206 
797 1.0 202 
798 1.0 301 
799 1.0 101 
800 1.0 187 
801 1.0 399 
802 1.0 500 
803 1.0 500 
804 1.0 271 
805 1.0 171 
806 1.0 219 
807 1.0 311 
808 1.0 164 
809 1.0 184 
810 1.0 500 
811 1.0 352 
812 1.0 355 
813 1.0 500 
814 1.0 191 
815 1.0 341 
816 1.0 335 
817 1.0 486 
818 1.0 356 
819 1.0 216 
820 1.0 347 
821 1.0 367 
822 1.0 201 
823 1.0 359 
824 1.0 162 
825 1.0 159 
826 1.0 253 
827 1.0 403 
828 1.0 500 
829 1.0 184 
830 1.0 398 
831 1.0 171 
832 1.0 167 
833 1.0 161 
834 1.0 220 
835 1.0 165 
836 1.0 258 
837 1.0 367 
838 1.0 237 
839 1.0 151 
840 1.0 202 
841 1.0 131 
842 1.0 93 
843 1.0 156 
844 1.0 181 
845 1.0 175 
846 1.0 180 
847 1.0 192 
848 1.0 352 
849 1.0 239 
850 1.0 218 
851 1.0 185 
852 1.0 177 
853 1.0 185 
854 1.0 500 
855 1.0 250 
856 1.0 235 
857 1.0 52 
858 1.0 157 
859 1.0 238 
860 1.0 169 
861 1.0 38 
862 1.0 500 
863 1.0 126 
864 1.0 141 
865 1.0 129 
866 1.0 152 
867 1.0 23 
868 1.0 359 
869 1.0 125 
870 1.0 143 
871 1.0 133 
872 1.0 163 
873 1.0 500 
874 1.0 135 
875 1.0 153 
876 1.0 500 
877 1.0 147 
878 1.0 55 
879 1.0 41 
880 1.0 128 
881 1.0 335 
882 1.0 165 
883 1.0 48 
884 1.0 19 
885 1.0 163 
886 1.0 149 
887 1.0 233 
888 1.0 206 
889 1.0 172 
890 1.0 246 
891 1.0 226 
892 1.0 287 
893 1.0 220 
894 1.0 358 
895 1.0 118 
896 1.0 224 
897 1.0 174 
898 1.0 385 
899 1.0 300 
900 1.0 195 
901 1.0 188 
902 1.0 169 
903 1.0 331 
904 1.0 150 
905 1.0 198 
906 1.0 127 
907 1.0 302 
908 1.0 179 
909 1.0 200 
910 1.0 205 
911 1.0 165 
912 1.0 178 
913 1.0 332 
914 1.0 109 
915 1.0 41 
916 1.0 115 
917 1.0 44 
918 1.0 118 
919 1.0 113 
920 1.0 132 
921 1.0 17 
922 1.0 124 
923 1.0 500 
924 1.0 119 
925 1.0 24 
926 1.0 500 
927 1.0 158 
928 1.0 192 
929 1.0 114 
930 1.0 170 
931 1.0 168 
932 1.0 230 
933 1.0 185 
934 1.0 177 
935 1.0 201 
936 1.0 160 
937 1.0 163 
938 1.0 123 
939 1.0 176 
940 1.0 193 
941 1.0 325 
942 1.0 173 
943 1.0 217 
944 1.0 124 
945 1.0 198 
946 1.0 131 
947 1.0 188 
948 1.0 164 
949 1.0 217 
950 1.0 154 
951 1.0 136 
952 1.0 141 
953 1.0 70 
954 1.0 93 
955 1.0 175 
956 1.0 161 
957 1.0 138 
958 1.0 157 
959 1.0 163 
960 1.0 167 
961 1.0 176 
962 1.0 159 
963 1.0 13 
964 1.0 102 
965 1.0 128 
966 1.0 171 
967 1.0 219 
968 1.0 134 
969 1.0 19 
970 1.0 142 
971 1.0 176 
972 1.0 172 
973 1.0 247 
974 1.0 179 
975 1.0 132 
976 1.0 357 
977 1.0 187 
978 1.0 143 
979 1.0 146 
980 1.0 152 
981 1.0 15 
982 1.0 118 
983 1.0 190 
984 1.0 152 
985 1.0 128 
986 1.0 115 
987 1.0 115 
988 1.0 136 
989 1.0 109 
990 1.0 112 
991 1.0 83 
992 1.0 116 
993 1.0 154 
994 1.0 120 
995 1.0 128 
996 1.0 109 
997 1.0 117 
998 1.0 126 
999 1.0 146 
1000 1.0 115 
1001 1.0 141 
1002 1.0 14 
1003 1.0 253 
1004 1.0 106 
1005 1.0 23 
1006 1.0 178 
1007 1.0 410 
1008 1.0 313 
1009 1.0 342 
1010 1.0 29 
1011 1.0 17 
1012 1.0 52 
1013 1.0 220 
1014 1.0 65 
1015 1.0 35 
1016 1.0 53 
1017 1.0 161 
1018 1.0 39 
1019 1.0 24 
1020 1.0 144 
1021 1.0 157 
1022 1.0 137 
1023 1.0 181 
1024 1.0 126 
1025 1.0 156 
1026 1.0 146 
1027 1.0 53 
1028 1.0 101 
1029 1.0 128 
1030 1.0 204 
1031 1.0 140 
1032 1.0 170 
1033 1.0 263 
1034 1.0 161 
1035 1.0 136 
1036 1.0 287 
1037 1.0 98 
1038 1.0 188 
1039 1.0 147 
1040 1.0 111 
1041 1.0 173 
1042 1.0 125 
1043 1.0 136 
1044 1.0 129 
1045 1.0 366 
1046 1.0 154 
1047 1.0 110 
1048 1.0 119 
1049 1.0 38 
1050 1.0 413 
1051 1.0 170 
1052 1.0 221 
1053 1.0 500 
1054 1.0 98 
1055 1.0 98 
1056 1.0 138 
1057 1.0 179 
1058 1.0 500 
1059 1.0 132 
1060 1.0 18 
1061 1.0 313 
1062 1.0 135 
1063 1.0 123 
1064 1.0 112 
1065 1.0 126 
1066 1.0 129 
1067 1.0 147 
1068 1.0 145 
1069 1.0 154 
1070 1.0 129 
1071 1.0 205 
1072 1.0 390 
1073 1.0 184 
1074 1.0 116 
1075 1.0 131 
1076 1.0 280 
1077 1.0 194 
1078 1.0 126 
1079 1.0 27 
1080 1.0 182 
1081 1.0 123 
1082 1.0 323 
1083 1.0 121 
1084 1.0 136 
1085 1.0 200 
1086 1.0 20 
1087 1.0 41 
1088 1.0 154 
1089 1.0 123 
1090 1.0 138 
1091 1.0 112 
1092 1.0 145 
1093 1.0 32 
1094 1.0 101 
1095 1.0 112 
1096 1.0 112 
1097 1.0 105 
1098 1.0 130 
1099 1.0 100 
1100 1.0 128 
1101 1.0 114 
1102 1.0 135 
1103 1.0 152 
1104 1.0 129 
1105 1.0 178 
1106 1.0 290 
1107 1.0 111 
1108 1.0 214 
1109 1.0 93 
1110 1.0 107 
1111 1.0 25 
1112 1.0 96 
1113 1.0 95 
1114 1.0 110 
1115 1.0 168 
1116 1.0 111 
1117 1.0 133 
1118 1.0 100 
1119 1.0 102 
1120 1.0 107 
1121 1.0 96 
1122 1.0 121 
1123 1.0 106 
1124 1.0 95 
1125 1.0 96 
1126 1.0 47 
1127 1.0 102 
1128 1.0 10 
1129 1.0 27 
1130 1.0 96 
1131 1.0 110 
1132 1.0 32 
1133 1.0 13 
1134 1.0 10 
1135 1.0 9 
1136 1.0 10 
1137 1.0 9 
1138 1.0 10 
1139 1.0 10 
1140 1.0 12 
1141 1.0 10 
1142 1.0 11 
1143 1.0 9 
1144 1.0 12 
1145 1.0 9 
1146 1.0 13 
1147 1.0 11 
1148 1.0 11 
1149 1.0 12 
1150 1.0 11 
1151 1.0 10 
1152 1.0 13 
1153 1.0 11 
1154 1.0 9 
1155 1.0 12 
1156 1.0 13 
1157 1.0 20 
1158 1.0 106 
1159 1.0 103 
1160 1.0 115 
1161 1.0 100 
1162 1.0 121 
1163 1.0 143 
1164 1.0 122 
1165 1.0 146 
1166 1.0 157 
1167 1.0 137 
1168 1.0 230 
1169 1.0 139 
1170 1.0 141 
1171 1.0 197 
1172 1.0 415 
1173 1.0 217 
1174 1.0 332 
1175 1.0 167 
1176 1.0 174 
1177 1.0 158 
1178 1.0 11 
1179 1.0 40 
1180 1.0 14 
1181 1.0 121 
1182 1.0 145 
1183 1.0 83 
1184 1.0 46 
1185 1.0 30 
1186 1.0 34 
1187 1.0 23 
1188 1.0 26 
1189 1.0 53 
1190 1.0 39 
1191 1.0 44 
1192 1.0 57 
1193 1.0 33 
1194 1.0 69 
1195 1.0 74 
1196 1.0 116 
1197 1.0 89 
1198 1.0 73 
1199 1.0 113 
1200 1.0 89 
1201 1.0 102 
1202 1.0 140 
1203 1.0 87 
1204 1.0 108 
1205 1.0 108 
1206 1.0 113 
1207 1.0 100 
1208 1.0 89 
1209 1.0 375 
1210 1.0 21 
1211 1.0 21 
1212 1.0 50 
1213 1.0 68 
1214 1.0 84 
1215 1.0 80 
1216 1.0 9 
1217 1.0 16 
1218 1.0 28 
1219 1.0 35 
1220 1.0 47 
1221 1.0 44 
1222 1.0 21 
1223 1.0 37 
1224 1.0 122 
1225 1.0 41 
1226 1.0 103 
1227 1.0 12 
1228 1.0 125 
1229 1.0 43 
1230 1.0 49 
1231 1.0 76 
1232 1.0 94 
1233 1.0 71 
1234 1.0 125 
1235 1.0 18 
1236 1.0 86 
1237 1.0 69 
1238 1.0 98 
1239 1.0 37 
1240 1.0 88 
1241 1.0 132 
1242 1.0 146 
1243 1.0 120 
1244 1.0 131 
1245 1.0 146 
1246 1.0 141 
1247 1.0 147 
1248 1.0 139 
1249 1.0 12 
1250 1.0 17 
1251 1.0 88 
1252 1.0 97 
1253 1.0 90 
1254 1.0 191 
1255 1.0 215 
1256 1.0 137 
1257 1.0 28 
1258 1.0 122 
1259 1.0 9 
1260 1.0 169 
1261 1.0 118 
1262 1.0 128 
1263 1.0 108 
1264 1.0 90 
1265 1.0 100 
1266 1.0 120 
1267 1.0 110 
1268 1.0 116 
1269 1.0 115 
1270 1.0 18 
1271 1.0 102 
1272 1.0 146 
1273 1.0 90 
1274 1.0 223 
1275 1.0 194 
1276 1.0 211 
1277 1.0 68 
1278 1.0 500 
1279 1.0 154 
1280 1.0 18 
1281 1.0 18 
1282 1.0 15 
1283 1.0 14 
1284 1.0 16 
1285 1.0 33 
1286 1.0 27 
1287 1.0 37 
1288 1.0 31 
1289 1.0 174 
1290 1.0 125 
1291 1.0 76 
1292 1.0 93 
1293 1.0 83 
1294 1.0 340 
1295 1.0 174 
1296 1.0 271 
1297 1.0 113 
1298 1.0 179 
1299 1.0 109 
1300 1.0 234 
1301 1.0 120 
1302 1.0 107 
1303 1.0 94 
1304 1.0 127 
1305 1.0 93 
1306 1.0 85 
1307 1.0 13 
1308 1.0 19 
1309 1.0 26 
1310 1.0 23 
1311 1.0 20 
1312 1.0 21 
1313 1.0 19 
1314 1.0 20 
1315 1.0 71 
1316 1.0 57 
1317 1.0 40 
1318 1.0 47 
1319 1.0 191 
1320 1.0 142 
1321 1.0 28 
1322 1.0 17 
1323 1.0 9 
1324 1.0 16 
1325 1.0 18 
1326 1.0 19 
1327 1.0 16 
1328 1.0 15 
1329 1.0 17 
1330 1.0 16 
1331 1.0 31 
1332 1.0 14 
1333 1.0 14 
1334 1.0 10 
1335 1.0 15 
1336 1.0 28 
1337 1.0 25 
1338 1.0 28 
1339 1.0 23 
1340 1.0 31 
1341 1.0 117 
1342 1.0 200 
1343 1.0 192 
1344 1.0 456 
1345 1.0 158 
1346 1.0 17 
1347 1.0 15 
1348 1.0 26 
1349 1.0 42 
1350 1.0 52 
1351 1.0 98 
1352 1.0 75 
1353 1.0 26 
1354 1.0 38 
1355 1.0 31 
1356 1.0 30 
1357 1.0 29 
1358 1.0 37 
1359 1.0 94 
1360 1.0 176 
1361 1.0 187 
1362 1.0 115 
1363 1.0 240 
1364 1.0 124 
1365 1.0 116 
1366 1.0 88 
1367 1.0 196 
1368 1.0 187 
1369 1.0 212 
1370 1.0 170 
1371 1.0 288 
1372 1.0 125 
1373 1.0 141 
1374 1.0 311 
1375 1.0 96 
1376 1.0 140 
1377 1.0 152 
1378 1.0 169 
1379 1.0 363 
1380 1.0 82 
1381 1.0 192 
1382 1.0 175 
1383 1.0 264 
1384 1.0 279 
1385 1.0 101 
1386 1.0 131 
1387 1.0 126 
1388 1.0 240 
1389 1.0 102 
1390 1.0 96 
1391 1.0 136 
1392 1.0 80 
1393 1.0 71 
1394 1.0 93 
1395 1.0 191 
1396 1.0 207 
1397 1.0 237 
1398 1.0 221 
1399 1.0 97 
1400 1.0 157 
1401 1.0 90 
1402 1.0 123 
1403 1.0 100 
1404 1.0 72 
1405 1.0 103 
1406 1.0 219 
1407 1.0 144 
1408 1.0 148 
1409 1.0 425 
1410 1.0 84 
1411 1.0 112 
1412 1.0 351 
1413 1.0 142 
1414 1.0 131 
1415 1.0 105 
1416 1.0 109 
1417 1.0 121 
1418 1.0 118 
1419 1.0 205 
1420 1.0 142 
1421 1.0 140 
1422 1.0 73 
1423 1.0 257 
1424 1.0 242 
1425 1.0 103 
1426 1.0 99 
1427 1.0 175 
1428 1.0 168 
1429 1.0 160 
1430 1.0 151 
1431 1.0 100 
1432 1.0 122 
1433 1.0 264 
1434 1.0 481 
1435 1.0 166 
1436 1.0 205 
1437 1.0 257 
1438 1.0 172 
1439 1.0 164 
1440 1.0 100 
1441 1.0 306 
1442 1.0 178 
1443 1.0 162 
1444 1.0 276 
1445 1.0 205 
1446 1.0 322 
1447 1.0 276 
1448 1.0 170 
1449 1.0 173 
1450 1.0 148 
1451 1.0 254 
1452 1.0 294 
1453 1.0 92 
1454 1.0 136 
1455 1.0 85 
1456 1.0 103 
1457 1.0 486 
1458 1.0 178 
1459 1.0 97 
1460 1.0 122 
1461 1.0 98 
1462 1.0 261 
1463 1.0 148 
1464 1.0 163 
1465 1.0 262 
1466 1.0 200 
1467 1.0 163 
1468 1.0 244 
1469 1.0 207 
1470 1.0 148 
1471 1.0 177 
1472 1.0 235 
1473 1.0 145 
1474 1.0 184 
1475 1.0 220 
1476 1.0 296 
1477 1.0 102 
1478 1.0 295 
1479 1.0 298 
1480 1.0 304 
1481 1.0 95 
1482 1.0 162 
1483 1.0 110 
1484 1.0 87 
1485 1.0 178 
1486 1.0 179 
1487 1.0 101 
1488 1.0 228 
1489 1.0 207 
1490 1.0 337 
1491 1.0 207 
1492 1.0 388 
1493 1.0 268 
1494 1.0 122 
1495 1.0 208 
1496 1.0 205 
1497 1.0 272 
1498 1.0 316 
1499 1.0 189 
1500 1.0 410 
1501 1.0 222 
1502 1.0 285 
1503 1.0 254 
1504 1.0 273 
1505 1.0 216 
1506 1.0 238 
1507 1.0 174 
1508 1.0 205 
1509 1.0 177 
1510 1.0 128 
1511 1.0 257 
1512 1.0 160 
1513 1.0 359 
1514 1.0 212 
1515 1.0 102 
1516 1.0 153 
1517 1.0 118 
1518 1.0 196 
1519 1.0 126 
1520 1.0 110 
1521 1.0 119 
1522 1.0 129 
1523 1.0 119 
1524 1.0 115 
1525 1.0 290 
1526 1.0 103 
1527 1.0 260 
1528 1.0 404 
1529 1.0 193 
1530 1.0 299 
1531 1.0 404 
1532 1.0 241 
1533 1.0 220 
1534 1.0 229 
1535 1.0 186 
1536 1.0 198 
1537 1.0 215 
1538 1.0 177 
1539 1.0 287 
1540 1.0 173 
1541 1.0 174 
1542 1.0 165 
1543 1.0 282 
1544 1.0 285 
1545 1.0 270 
1546 1.0 269 
1547 1.0 202 
1548 1.0 212 
1549 1.0 181 
1550 1.0 330 
1551 1.0 253 
1552 1.0 96 
1553 1.0 132 
1554 1.0 393 
1555 1.0 128 
1556 1.0 107 
1557 1.0 101 
1558 1.0 101 
1559 1.0 124 
1560 1.0 98 
1561 1.0 93 
1562 1.0 96 
1563 1.0 96 
1564 1.0 110 
1565 1.0 103 
1566 1.0 101 
1567 1.0 95 
1568 1.0 151 
1569 1.0 103 
1570 1.0 130 
1571 1.0 129 
1572 1.0 155 
1573 1.0 135 
1574 1.0 150 
1575 1.0 267 
1576 1.0 88 
1577 1.0 169 
1578 1.0 181 
1579 1.0 238 
1580 1.0 176 
1581 1.0 214 
1582 1.0 286 
1583 1.0 178 
1584 1.0 272 
1585 1.0 279 
1586 1.0 182 
1587 1.0 467 
1588 1.0 208 
1589 1.0 172 
1590 1.0 190 
1591 1.0 286 
1592 1.0 263 
1593 1.0 190 
1594 1.0 330 
1595 1.0 200 
1596 1.0 185 
1597 1.0 129 
1598 1.0 259 
1599 1.0 150 
1600 1.0 156 
1601 1.0 185 
1602 1.0 241 
1603 1.0 366 
1604 1.0 160 
1605 1.0 252 
1606 1.0 209 
1607 1.0 188 
1608 1.0 169 
1609 1.0 209 
1610 1.0 162 
1611 1.0 171 
1612 1.0 317 
1613 1.0 500 
1614 1.0 280 
1615 1.0 126 
1616 1.0 387 
1617 1.0 289 
1618 1.0 153 
1619 1.0 324 
1620 1.0 201 
1621 1.0 500 
1622 1.0 155 
1623 1.0 361 
1624 1.0 204 
1625 1.0 120 
1626 1.0 348 
1627 1.0 260 
1628 1.0 278 
1629 1.0 264 
1630 1.0 409 
1631 1.0 231 
1632 1.0 159 
1633 1.0 205 
1634 1.0 187 
1635 1.0 190 
1636 1.0 203 
1637 1.0 218 
1638 1.0 265 
1639 1.0 209 
1640 1.0 500 
1641 1.0 76 
1642 1.0 180 
1643 1.0 238 
1644 1.0 275 
1645 1.0 165 
1646 1.0 182 
1647 1.0 160 
1648 1.0 204 
1649 1.0 314 
1650 1.0 71 
1651 1.0 180 
1652 1.0 187 
1653 1.0 126 
1654 1.0 197 
1655 1.0 151 
1656 1.0 177 
1657 1.0 147 
1658 1.0 169 
1659 1.0 139 
1660 1.0 190 
1661 1.0 163 
1662 1.0 148 
1663 1.0 151 
1664 1.0 163 
1665 1.0 211 
1666 1.0 227 
1667 1.0 220 
1668 1.0 173 
1669 1.0 318 
1670 1.0 342 
1671 1.0 243 
1672 1.0 274 
1673 1.0 218 
1674 1.0 139 
1675 1.0 180 
1676 1.0 227 
1677 1.0 105 
1678 1.0 155 
1679 1.0 199 
1680 1.0 261 
1681 1.0 216 
1682 1.0 142 
1683 1.0 230 
1684 1.0 255 
1685 1.0 138 
1686 1.0 245 
1687 1.0 338 
1688 1.0 140 
1689 1.0 303 
1690 1.0 246 
1691 1.0 179 
1692 1.0 143 
1693 1.0 158 
1694 1.0 169 
1695 1.0 170 
1696 1.0 231 
1697 1.0 202 
1698 1.0 164 
1699 1.0 182 
1700 1.0 128 
1701 1.0 181 
1702 1.0 156 
1703 1.0 239 
1704 1.0 259 
1705 1.0 236 
1706 1.0 154 
1707 1.0 185 
1708 1.0 199 
1709 1.0 123 
1710 1.0 141 
1711 1.0 187 
1712 1.0 54 
1713 1.0 170 
1714 1.0 104 
1715 1.0 269 
1716 1.0 166 
1717 1.0 169 
1718 1.0 239 
1719 1.0 167 
1720 1.0 123 
1721 1.0 168 
1722 1.0 117 
1723 1.0 75 
1724 1.0 173 
1725 1.0 17 
1726 1.0 113 
1727 1.0 259 
1728 1.0 132 
1729 1.0 89 
1730 1.0 211 
1731 1.0 151 
1732 1.0 238 
1733 1.0 254 
1734 1.0 56 
1735 1.0 173 
1736 1.0 192 
1737 1.0 198 
1738 1.0 159 
1739 1.0 122 
1740 1.0 162 
1741 1.0 136 
1742 1.0 314 
1743 1.0 137 
1744 1.0 57 
1745 1.0 136 
1746 1.0 181 
1747 1.0 160 
1748 1.0 143 
1749 1.0 176 
1750 1.0 145 
1751 1.0 174 
1752 1.0 373 
1753 1.0 227 
1754 1.0 341 
1755 1.0 142 
1756 1.0 175 
1757 1.0 106 
1758 1.0 209 
1759 1.0 129 
1760 1.0 132 
1761 1.0 41 
1762 1.0 112 
1763 1.0 234 
1764 1.0 214 
1765 1.0 99 
1766 1.0 100 
1767 1.0 17 
1768 1.0 23 
1769 1.0 100 
1770 1.0 398 
1771 1.0 163 
1772 1.0 94 
1773 1.0 145 
1774 1.0 96 
1775 1.0 139 
1776 1.0 132 
1777 1.0 130 
1778 1.0 114 
1779 1.0 107 
1780 1.0 168 
1781 1.0 135 
1782 1.0 137 
1783 1.0 102 
1784 1.0 125 
1785 1.0 25 
1786 1.0 262 
1787 1.0 125 
1788 1.0 111 
1789 1.0 133 
1790 1.0 131 
1791 1.0 138 
1792 1.0 109 
1793 1.0 108 
1794 1.0 114 
1795 1.0 116 
1796 1.0 109 
1797 1.0 105 
1798 1.0 121 
1799 1.0 121 
1800 1.0 108 
1801 1.0 122 
1802 1.0 128 
1803 1.0 169 
1804 1.0 145 
1805 1.0 112 
1806 1.0 123 
1807 1.0 109 
1808 1.0 101 
1809 1.0 23 
1810 1.0 8 
1811 1.0 104 
1812 1.0 16 
1813 1.0 11 
1814 1.0 13 
1815 1.0 98 
1816 1.0 13 
1817 1.0 102 
1818 1.0 9 
1819 1.0 115 
1820 1.0 97 
1821 1.0 106 
1822 1.0 98 
1823 1.0 100 
1824 1.0 104 
1825 1.0 103 
1826 1.0 176 
1827 1.0 104 
1828 1.0 118 
1829 1.0 109 
1830 1.0 105 
1831 1.0 110 
1832 1.0 128 
1833 1.0 116 
1834 1.0 100 
1835 1.0 138 
1836 1.0 63 
1837 1.0 500 
1838 1.0 155 
1839 1.0 125 
1840 1.0 118 
1841 1.0 118 
1842 1.0 132 
1843 1.0 137 
1844 1.0 109 
1845 1.0 156 
1846 1.0 145 
1847 1.0 119 
1848 1.0 246 
1849 1.0 170 
1850 1.0 201 
1851 1.0 177 
1852 1.0 191 
1853 1.0 277 
1854 1.0 203 
1855 1.0 155 
1856 1.0 330 
1857 1.0 158 
1858 1.0 118 
1859 1.0 118 
1860 1.0 95 
1861 1.0 80 
1862 1.0 142 
1863 1.0 74 
1864 1.0 168 
1865 1.0 12 
1866 1.0 56 
1867 1.0 109 
1868 1.0 82 
1869 1.0 68 
1870 1.0 130 
1871 1.0 64 
1872 1.0 63 
1873 1.0 13 
1874 1.0 42 
1875 1.0 46 
1876 1.0 58 
1877 1.0 77 
1878 1.0 97 
1879 1.0 92 
1880 1.0 161 
1881 1.0 76 
1882 1.0 128 
1883 1.0 92 
1884 1.0 108 
1885 1.0 31 
1886 1.0 99 
1887 1.0 100 
1888 1.0 117 
1889 1.0 126 
1890 1.0 181 
1891 1.0 146 
1892 1.0 177 
1893 1.0 36 
1894 1.0 154 
1895 1.0 134 
1896 1.0 500 
1897 1.0 107 
1898 1.0 500 
1899 1.0 160 
1900 1.0 160 
1901 1.0 179 
1902 1.0 136 
1903 1.0 310 
1904 1.0 98 
1905 1.0 149 
1906 1.0 101 
1907 1.0 147 
1908 1.0 214 
1909 1.0 134 
1910 1.0 437 
1911 1.0 15 
1912 1.0 17 
1913 1.0 126 
1914 1.0 97 
1915 1.0 138 
1916 1.0 201 
1917 1.0 113 
1918 1.0 81 
1919 1.0 152 
1920 1.0 104 
1921 1.0 134 
1922 1.0 128 
1923 1.0 317 
1924 1.0 168 
1925 1.0 191 
1926 1.0 134 
1927 1.0 375 
1928 1.0 163 
1929 1.0 335 
1930 1.0 475 
1931 1.0 28 
1932 1.0 156 
1933 1.0 119 
1934 1.0 127 
1935 1.0 157 
1936 1.0 219 
1937 1.0 267 
1938 1.0 100 
1939 1.0 40 
1940 1.0 111 
1941 1.0 111 
1942 1.0 285 
1943 1.0 181 
1944 1.0 126 
1945 1.0 167 
1946 1.0 190 
1947 1.0 137 
1948 1.0 138 
1949 1.0 104 
1950 1.0 92 
1951 1.0 135 
1952 1.0 159 
1953 1.0 156 
1954 1.0 161 
1955 1.0 388 
1956 1.0 308 
1957 1.0 208 
1958 1.0 297 
1959 1.0 500 
1960 1.0 254 
1961 1.0 238 
1962 1.0 158 
1963 1.0 147 
1964 1.0 129 
1965 1.0 264 
1966 1.0 123 
1967 1.0 500 
1968 1.0 98 
1969 1.0 172 
1970 1.0 118 
1971 1.0 101 
1972 1.0 126 
1973 1.0 156 
1974 1.0 21 
1975 1.0 90 
1976 1.0 257 
1977 1.0 500 
1978 1.0 500 
1979 1.0 173 
1980 1.0 141 
1981 1.0 123 
1982 1.0 36 
1983 1.0 136 
1984 1.0 361 
1985 1.0 25 
1986 1.0 81 
1987 1.0 130 
1988 1.0 115 
1989 1.0 500 
1990 1.0 125 
1991 1.0 136 
1992 1.0 133 
1993 1.0 167 
1994 1.0 132 
1995 1.0 166 
1996 1.0 500 
1997 1.0 128 
1998 1.0 133 
1999 1.0 72 
2000 1.0 500 
2001 1.0 156 
2002 1.0 124 
2003 1.0 201 
2004 1.0 500 
2005 1.0 319 
2006 1.0 114 
2007 1.0 143 
2008 1.0 163 
2009 1.0 164 
2010 1.0 423 
2011 1.0 500 
2012 1.0 190 
2013 1.0 128 
2014 1.0 130 
2015 1.0 145 
2016 1.0 164 
2017 1.0 136 
2018 1.0 244 
2019 1.0 222 
2020 1.0 158 
2021 1.0 135 
2022 1.0 124 
2023 1.0 147 
2024 1.0 142 
2025 1.0 500 
2026 1.0 150 
2027 1.0 140 
2028 1.0 500 
2029 1.0 500 
2030 1.0 154 
2031 1.0 154 
2032 1.0 156 
2033 1.0 118 
2034 1.0 153 
2035 1.0 166 
2036 1.0 133 
2037 1.0 462 
2038 1.0 309 
2039 1.0 138 
2040 1.0 120 
2041 1.0 131 
2042 1.0 164 
2043 1.0 140 
2044 1.0 374 
2045 1.0 248 
2046 1.0 150 
2047 1.0 254 
2048 1.0 214 
2049 1.0 500 
2050 1.0 147 
2051 1.0 157 
2052 1.0 454 
2053 1.0 242 
2054 1.0 137 
2055 1.0 241 
2056 1.0 174 
2057 1.0 500 
2058 1.0 143 
2059 1.0 500 
2060 1.0 217 
2061 1.0 413 
2062 1.0 217 
2063 1.0 500 
2064 1.0 146 
2065 1.0 201 
2066 1.0 500 
2067 1.0 500 
2068 1.0 500 
2069 1.0 22 
2070 1.0 124 
2071 1.0 144 
2072 1.0 121 
2073 1.0 162 
2074 1.0 136 
2075 1.0 13 
2076 1.0 30 
2077 1.0 297 
2078 1.0 478 
2079 1.0 15 
2080 1.0 125 
2081 1.0 407 
2082 1.0 160 
2083 1.0 185 
2084 1.0 129 
2085 1.0 128 
2086 1.0 155 
2087 1.0 145 
2088 1.0 130 
2089 1.0 120 
2090 1.0 110 
2091 1.0 123 
2092 1.0 129 
2093 1.0 123 
2094 1.0 124 
2095 1.0 148 
2096 1.0 141 
2097 1.0 141 
2098 1.0 103 
2099 1.0 135 
2100 1.0 133 
2101 1.0 135 
2102 1.0 126 
2103 1.0 140 
2104 1.0 144 
2105 1.0 112 
2106 1.0 127 
2107 1.0 93 
2108 1.0 15 
2109 1.0 134 
2110 1.0 10 
2111 1.0 10 
2112 1.0 15 
2113 1.0 44 
2114 1.0 64 
2115 1.0 52 
2116 1.0 41 
2117 1.0 61 
2118 1.0 63 
2119 1.0 73 
2120 1.0 90 
2121 1.0 64 
2122 1.0 11 
2123 1.0 13 
2124 1.0 111 
2125 1.0 50 
2126 1.0 56 
2127 1.0 63 
2128 1.0 58 
2129 1.0 59 
2130 1.0 65 
2131 1.0 67 
2132 1.0 60 
2133 1.0 72 
2134 1.0 74 
2135 1.0 13 
2136 1.0 68 
2137 1.0 83 
2138 1.0 47 
2139 1.0 11 
2140 1.0 11 
2141 1.0 13 
2142 1.0 25 
2143 1.0 40 
2144 1.0 34 
2145 1.0 55 
2146 1.0 53 
2147 1.0 44 
2148 1.0 10 
2149 1.0 27 
2150 1.0 152 
2151 1.0 118 
2152 1.0 139 
2153 1.0 175 
2154 1.0 257 
2155 1.0 155 
2156 1.0 152 
2157 1.0 201 
2158 1.0 180 
2159 1.0 248 
2160 1.0 182 
2161 1.0 104 
2162 1.0 82 
2163 1.0 73 
2164 1.0 63 
2165 1.0 81 
2166 1.0 90 
2167 1.0 10 
2168 1.0 55 
2169 1.0 194 
2170 1.0 15 
2171 1.0 58 
2172 1.0 267 
2173 1.0 152 
2174 1.0 129 
2175 1.0 249 
2176 1.0 14 
2177 1.0 368 
2178 1.0 78 
2179 1.0 150 
2180 1.0 145 
2181 1.0 131 
2182 1.0 99 
2183 1.0 85 
2184 1.0 15 
2185 1.0 18 
2186 1.0 17 
2187 1.0 12 
2188 1.0 15 
2189 1.0 10 
2190 1.0 12 
2191 1.0 11 
2192 1.0 11 
2193 1.0 10 
2194 1.0 12 
2195 1.0 11 
2196 1.0 11 
2197 1.0 11 
2198 1.0 13 
2199 1.0 12 
2200 1.0 9 
2201 1.0 9 
2202 1.0 13 
2203 1.0 11 
2204 1.0 11 
2205 1.0 114 
2206 1.0 9 
2207 1.0 9 
2208 1.0 9 
2209 1.0 10 
2210 1.0 10 
2211 1.0 11 
2212 1.0 8 
2213 1.0 10 
2214 1.0 9 
2215 1.0 9 
2216 1.0 9 
2217 1.0 12 
2218 1.0 9 
2219 1.0 94 
2220 1.0 12 
2221 1.0 9 
2222 1.0 11 
2223 1.0 14 
2224 1.0 13 
2225 1.0 11 
2226 1.0 10 
2227 1.0 13 
2228 1.0 10 
2229 1.0 82 
2230 1.0 34 
2231 1.0 17 
2232 1.0 15 
2233 1.0 11 
2234 1.0 13 
2235 1.0 19 
2236 1.0 22 
2237 1.0 30 
2238 1.0 90 
2239 1.0 145 
2240 1.0 143 
2241 1.0 119 
2242 1.0 157 
2243 1.0 340 
2244 1.0 129 
2245 1.0 97 
2246 1.0 133 
2247 1.0 62 
2248 1.0 260 
2249 1.0 18 
2250 1.0 9 
2251 1.0 12 
2252 1.0 101 
2253 1.0 13 
2254 1.0 22 
2255 1.0 114 
2256 1.0 157 
2257 1.0 178 
2258 1.0 134 
2259 1.0 119 
2260 1.0 150 
2261 1.0 128 
2262 1.0 10 
2263 1.0 114 
2264 1.0 132 
2265 1.0 127 
2266 1.0 109 
2267 1.0 116 
2268 1.0 106 
2269 1.0 106 
2270 1.0 182 
2271 1.0 182 
2272 1.0 16 
2273 1.0 14 
2274 1.0 94 
2275 1.0 101 
2276 1.0 104 
2277 1.0 10 
2278 1.0 13 
2279 1.0 18 
2280 1.0 101 
2281 1.0 93 
2282 1.0 107 
2283 1.0 24 
2284 1.0 18 
2285 1.0 28 
2286 1.0 17 
2287 1.0 20 
2288 1.0 27 
2289 1.0 111 
2290 1.0 116 
2291 1.0 223 
2292 1.0 174 
2293 1.0 285 
2294 1.0 10 
2295 1.0 181 
2296 1.0 225 
2297 1.0 168 
2298 1.0 217 
2299 1.0 23 
2300 1.0 124 
2301 1.0 110 
2302 1.0 108 
2303 1.0 167 
2304 1.0 269 
2305 1.0 163 
2306 1.0 156 
2307 1.0 160 
2308 1.0 206 
2309 1.0 154 
2310 1.0 150 
2311 1.0 158 
2312 1.0 219 
2313 1.0 324 
2314 1.0 195 
2315 1.0 227 
2316 1.0 180 
2317 1.0 234 
2318 1.0 117 
2319 1.0 192 
2320 1.0 319 
2321 1.0 147 
2322 1.0 461 
2323 1.0 131 
2324 1.0 126 
2325 1.0 144 
2326 1.0 125 
2327 1.0 202 
2328 1.0 160 
2329 1.0 173 
2330 1.0 176 
2331 1.0 147 
2332 1.0 440 
2333 1.0 243 
2334 1.0 138 
2335 1.0 163 
2336 1.0 127 
2337 1.0 202 
2338 1.0 148 
2339 1.0 145 
2340 1.0 171 
2341 1.0 186 
2342 1.0 138 
2343 1.0 127 
2344 1.0 119 
2345 1.0 118 
2346 1.0 96 
2347 1.0 113 
2348 1.0 139 
2349 1.0 130 
2350 1.0 122 
2351 1.0 114 
2352 1.0 114 
2353 1.0 117 
2354 1.0 111 
2355 1.0 226 
2356 1.0 129 
2357 1.0 14 
2358 1.0 123 
2359 1.0 116 
2360 1.0 113 
2361 1.0 121 
2362 1.0 134 
2363 1.0 353 
2364 1.0 133 
2365 1.0 136 
2366 1.0 129 
2367 1.0 139 
2368 1.0 106 
2369 1.0 134 
2370 1.0 209 
2371 1.0 140 
2372 1.0 331 
2373 1.0 187 
2374 1.0 328 
2375 1.0 157 
2376 1.0 150 
2377 1.0 122 
2378 1.0 21 
2379 1.0 500 
2380 1.0 261 
2381 1.0 196 
2382 1.0 133 
2383 1.0 124 
2384 1.0 158 
2385 1.0 153 
2386 1.0 197 
2387 1.0 179 
2388 1.0 447 
2389 1.0 187 
2390 1.0 121 
2391 1.0 173 
2392 1.0 104 
2393 1.0 267 
2394 1.0 190 
2395 1.0 147 
2396 1.0 203 
2397 1.0 243 
2398 1.0 148 
2399 1.0 119 
2400 1.0 151 
2401 1.0 318 
2402 1.0 159 
2403 1.0 178 
2404 1.0 284 
2405 1.0 191 
2406 1.0 162 
2407 1.0 170 
2408 1.0 137 
2409 1.0 301 
2410 1.0 278 
2411 1.0 122 
2412 1.0 327 
2413 1.0 194 
2414 1.0 122 
2415 1.0 153 
2416 1.0 176 
2417 1.0 207 
2418 1.0 196 
2419 1.0 204 
2420 1.0 263 
2421 1.0 188 
2422 1.0 144 
2423 1.0 171 
2424 1.0 330 
2425 1.0 171 
2426 1.0 301 
2427 1.0 495 
2428 1.0 366 
2429 1.0 151 
2430 1.0 172 
2431 1.0 338 
2432 1.0 268 
2433 1.0 500 
2434 1.0 360 
2435 1.0 500 
2436 1.0 150 
2437 1.0 209 
2438 1.0 465 
2439 1.0 276 
2440 1.0 192 
2441 1.0 206 
2442 1.0 188 
2443 1.0 119 
2444 1.0 166 
2445 1.0 444 
2446 1.0 413 
2447 1.0 341 
2448 1.0 236 
2449 1.0 462 
2450 1.0 339 
2451 1.0 412 
2452 1.0 266 
2453 1.0 296 
2454 1.0 216 
2455 1.0 284 
2456 1.0 168 
2457 1.0 174 
2458 1.0 178 
2459 1.0 184 
2460 1.0 148 
2461 1.0 413 
2462 1.0 177 
2463 1.0 483 
2464 1.0 183 
2465 1.0 269 
2466 1.0 500 
2467 1.0 228 
2468 1.0 500 
2469 1.0 474 
2470 1.0 229 
2471 1.0 247 
2472 1.0 94 
2473 1.0 411 
2474 1.0 210 
2475 1.0 311 
2476 1.0 209 
2477 1.0 285 
2478 1.0 239 
2479 1.0 323 
2480 1.0 414 
2481 1.0 197 
2482 1.0 109 
2483 1.0 135 
2484 1.0 155 
2485 1.0 184 
2486 1.0 204 
2487 1.0 296 
2488 1.0 257 
2489 1.0 299 
2490 1.0 297 
2491 1.0 186 
2492 1.0 180 
2493 1.0 194 
2494 1.0 208 
2495 1.0 390 
2496 1.0 307 
2497 1.0 255 
2498 1.0 242 
2499 1.0 194 
2500 1.0 183 
2501 1.0 222 
2502 1.0 383 
2503 1.0 230 
2504 1.0 296 
2505 1.0 500 
2506 1.0 379 
2507 1.0 366 
2508 1.0 239 
2509 1.0 441 
2510 1.0 450 
2511 1.0 205 
2512 1.0 176 
2513 1.0 243 
2514 1.0 220 
2515 1.0 317 
2516 1.0 500 
2517 1.0 262 
2518 1.0 500 
2519 1.0 209 
2520 1.0 242 
2521 1.0 196 
2522 1.0 417 
2523 1.0 280 
2524 1.0 358 
2525 1.0 327 
2526 1.0 216 
2527 1.0 500 
2528 1.0 301 
2529 1.0 239 
2530 1.0 483 
2531 1.0 290 
2532 1.0 400 
2533 1.0 437 
2534 1.0 112 
2535 1.0 127 
2536 1.0 184 
2537 1.0 238 
2538 1.0 387 
2539 1.0 140 
2540 1.0 500 
2541 1.0 95 
2542 1.0 425 
2543 1.0 498 
2544 1.0 279 
2545 1.0 309 
2546 1.0 460 
2547 1.0 393 
2548 1.0 500 
2549 1.0 500 
2550 1.0 232 
2551 1.0 258 
2552 1.0 342 
2553 1.0 370 
2554 1.0 127 
2555 1.0 120 
2556 1.0 130 
2557 1.0 174 
2558 1.0 148 
2559 1.0 142 
2560 1.0 161 
2561 1.0 166 
2562 1.0 257 
2563 1.0 110 
2564 1.0 168 
2565 1.0 153 
2566 1.0 162 
2567 1.0 152 
2568 1.0 162 
2569 1.0 142 
2570 1.0 138 
2571 1.0 182 
2572 1.0 164 
2573 1.0 185 
2574 1.0 500 
2575 1.0 45 
2576 1.0 173 
2577 1.0 166 
2578 1.0 233 
2579 1.0 191 
2580 1.0 378 
2581 1.0 182 
2582 1.0 190 
2583 1.0 193 
2584 1.0 171 
2585 1.0 23 
2586 1.0 294 
2587 1.0 381 
2588 1.0 500 
2589 1.0 332 
2590 1.0 166 
2591 1.0 500 
2592 1.0 176 
2593 1.0 125 
2594 1.0 24 
2595 1.0 16 
2596 1.0 17 
2597 1.0 19 
2598 1.0 26 
2599 1.0 45 
2600 1.0 50 
2601 1.0 88 
2602 1.0 77 
2603 1.0 215 
2604 1.0 117 
2605 1.0 226 
2606 1.0 288 
2607 1.0 97 
2608 1.0 226 
2609 1.0 20 
2610 1.0 51 
2611 1.0 127 
2612 1.0 65 
2613 1.0 136 
2614 1.0 105 
2615 1.0 58 
2616 1.0 119 
2617 1.0 113 
2618 1.0 104 
2619 1.0 96 
2620 1.0 102 
2621 1.0 51 
2622 1.0 325 
2623 1.0 182 
2624 1.0 41 
2625 1.0 106 
2626 1.0 81 
2627 1.0 64 
2628 1.0 42 
2629 1.0 78 
2630 1.0 86 
2631 1.0 102 
2632 1.0 92 
2633 1.0 107 
2634 1.0 128 
2635 1.0 132 
2636 1.0 225 
2637 1.0 96 
2638 1.0 128 
2639 1.0 127 
2640 1.0 109 
2641 1.0 113 
2642 1.0 148 
2643 1.0 98 
2644 1.0 104 
2645 1.0 96 
2646 1.0 111 
2647 1.0 115 
2648 1.0 19 
2649 1.0 49 
2650 1.0 120 
2651 1.0 150 
2652 1.0 500 
2653 1.0 500 
2654 1.0 156 
2655 1.0 122 
2656 1.0 500 
2657 1.0 500 
2658 1.0 153 
2659 1.0 500 
2660 1.0 361 
2661 1.0 172 
2662 1.0 500 
2663 1.0 500 
2664 1.0 182 
2665 1.0 500 
2666 1.0 171 
2667 1.0 144 
2668 1.0 148 
2669 1.0 19 
2670 1.0 13 
2671 1.0 113 
2672 1.0 269 
2673 1.0 500 
2674 1.0 500 
2675 1.0 500 
2676 1.0 232 
2677 1.0 467 
2678 1.0 500 
2679 1.0 500 
2680 1.0 17 
2681 1.0 27 
2682 1.0 138 
2683 1.0 120 
2684 1.0 61 
2685 1.0 105 
2686 1.0 126 
2687 1.0 151 
2688 1.0 17 
2689 1.0 94 
2690 1.0 106 
2691 1.0 107 
2692 1.0 127 
2693 1.0 21 
2694 1.0 500 
2695 1.0 131 
2696 1.0 116 
2697 1.0 114 
2698 1.0 119 
2699 1.0 125 
2700 1.0 130 
2701 1.0 137 
2702 1.0 164 
2703 1.0 140 
2704 1.0 118 
2705 1.0 125 
2706 1.0 113 
2707 1.0 147 
2708 1.0 133 
2709 1.0 173 
2710 1.0 55 
2711 1.0 119 
2712 1.0 191 
2713 1.0 19 
2714 1.0 330 
2715 1.0 156 
2716 1.0 169 
2717 1.0 185 
2718 1.0 164 
2719 1.0 168 
2720 1.0 184 
2721 1.0 245 
2722 1.0 27 
2723 1.0 156 
2724 1.0 124 
2725 1.0 111 
2726 1.0 30 
2727 1.0 106 
2728 1.0 113 
2729 1.0 132 
2730 1.0 116 
2731 1.0 39 
2732 1.0 43 
2733 1.0 125 
2734 1.0 122 
2735 1.0 215 
2736 1.0 175 
2737 1.0 141 
2738 1.0 156 
2739 1.0 173 
2740 1.0 149 
2741 1.0 154 
2742 1.0 177 
2743 1.0 141 
2744 1.0 179 
2745 1.0 163 
2746 1.0 500 
2747 1.0 150 
2748 1.0 205 
2749 1.0 218 
2750 1.0 454 
2751 1.0 500 
2752 1.0 500 
2753 1.0 443 
2754 1.0 500 
2755 1.0 500 
2756 1.0 17 
2757 1.0 30 
2758 1.0 103 
2759 1.0 110 
2760 1.0 21 
2761 1.0 121 
2762 1.0 161 
2763 1.0 138 
2764 1.0 119 
2765 1.0 22 
2766 1.0 22 
2767 1.0 482 
2768 1.0 175 
2769 1.0 42 
2770 1.0 111 
2771 1.0 279 
2772 1.0 288 
2773 1.0 348 
2774 1.0 374 
2775 1.0 500 
2776 1.0 500 
2777 1.0 500 
2778 1.0 343 
2779 1.0 485 
2780 1.0 500 
2781 1.0 500 
2782 1.0 500 
2783 1.0 500 
2784 1.0 212 
2785 1.0 194 
2786 1.0 216 
2787 1.0 500 
2788 1.0 153 
2789 1.0 500 
2790 1.0 500 
2791 1.0 500 
2792 1.0 226 
2793 1.0 221 
2794 1.0 500 
2795 1.0 169 
2796 1.0 275 
2797 1.0 500 
2798 1.0 424 
2799 1.0 500 
2800 1.0 153 
2801 1.0 500 
2802 1.0 353 
2803 1.0 379 
2804 1.0 27 
2805 1.0 161 
2806 1.0 186 
2807 1.0 181 
2808 1.0 166 
2809 1.0 155 
2810 1.0 194 
2811 1.0 206 
2812 1.0 168 
2813 1.0 185 
2814 1.0 163 
2815 1.0 172 
2816 1.0 190 
2817 1.0 500 
2818 1.0 291 
2819 1.0 289 
2820 1.0 467 
2821 1.0 276 
2822 1.0 12 
2823 1.0 86 
2824 1.0 135 
2825 1.0 146 
2826 1.0 138 
2827 1.0 149 
2828 1.0 143 
2829 1.0 102 
2830 1.0 26 
2831 1.0 105 
2832 1.0 130 
2833 1.0 136 
2834 1.0 137 
2835 1.0 23 
2836 1.0 110 
2837 1.0 158 
2838 1.0 152 
2839 1.0 100 
2840 1.0 135 
2841 1.0 133 
2842 1.0 116 
2843 1.0 113 
2844 1.0 123 
2845 1.0 115 
2846 1.0 136 
2847 1.0 158 
2848 1.0 129 
2849 1.0 162 
2850 1.0 125 
2851 1.0 238 
2852 1.0 178 
2853 1.0 371 
2854 1.0 125 
2855 1.0 379 
2856 1.0 500 
2857 1.0 139 
2858 1.0 136 
2859 1.0 168 
2860 1.0 173 
2861 1.0 194 
2862 1.0 143 
2863 1.0 44 
2864 1.0 30 
2865 1.0 28 
2866 1.0 41 
2867 1.0 43 
2868 1.0 58 
2869 1.0 50 
2870 1.0 153 
2871 1.0 76 
2872 1.0 128 
2873 1.0 55 
2874 1.0 63 
2875 1.0 34 
2876 1.0 121 
2877 1.0 134 
2878 1.0 46 
2879 1.0 55 
2880 1.0 13 
2881 1.0 28 
2882 1.0 147 
2883 1.0 122 
2884 1.0 99 
2885 1.0 14 
2886 1.0 500 
2887 1.0 119 
2888 1.0 109 
2889 1.0 135 
2890 1.0 165 
2891 1.0 202 
2892 1.0 119 
2893 1.0 134 
2894 1.0 163 
2895 1.0 137 
2896 1.0 152 
2897 1.0 125 
2898 1.0 112 
2899 1.0 133 
2900 1.0 33 
2901 1.0 118 
2902 1.0 125 
2903 1.0 114 
2904 1.0 138 
2905 1.0 115 
2906 1.0 123 
2907 1.0 119 
2908 1.0 106 
2909 1.0 140 
2910 1.0 135 
2911 1.0 116 
2912 1.0 120 
2913 1.0 116 
2914 1.0 118 
2915 1.0 172 
2916 1.0 166 
2917 1.0 123 
2918 1.0 164 
2919 1.0 153 
2920 1.0 168 
2921 1.0 182 
2922 1.0 153 
2923 1.0 177 
2924 1.0 155 
2925 1.0 149 
2926 1.0 500 
2927 1.0 16 
2928 1.0 500 
2929 1.0 500 
2930 1.0 159 
2931 1.0 500 
2932 1.0 159 
2933 1.0 500 
2934 1.0 500 
2935 1.0 500 
2936 1.0 18 
2937 1.0 19 
2938 1.0 38 
2939 1.0 102 
2940 1.0 34 
2941 1.0 33 
2942 1.0 21 
2943 1.0 500 
2944 1.0 15 
2945 1.0 34 
2946 1.0 500 
2947 1.0 98 
2948 1.0 93 
2949 1.0 129 
2950 1.0 151 
2951 1.0 116 
2952 1.0 129 
2953 1.0 162 
2954 1.0 20 
2955 1.0 364 
2956 1.0 117 
2957 1.0 102 
2958 1.0 18 
2959 1.0 27 
2960 1.0 21 
2961 1.0 24 
2962 1.0 500 
2963 1.0 140 
2964 1.0 101 
2965 1.0 104 
2966 1.0 113 
2967 1.0 153 
2968 1.0 103 
2969 1.0 142 
2970 1.0 118 
2971 1.0 117 
2972 1.0 22 
2973 1.0 101 
2974 1.0 110 
2975 1.0 124 
2976 1.0 128 
2977 1.0 138 
2978 1.0 147 
2979 1.0 23 
2980 1.0 118 
2981 1.0 121 
2982 1.0 17 
2983 1.0 132 
2984 1.0 500 
2985 1.0 219 
2986 1.0 500 
2987 1.0 417 
2988 1.0 496 
2989 1.0 500 
2990 1.0 159 
2991 1.0 139 
2992 1.0 185 
2993 1.0 175 
2994 1.0 169 
2995 1.0 500 
2996 1.0 500 
2997 1.0 500 
2998 1.0 500 
2999 1.0 351 
3000 1.0 25 
3001 1.0 148 
3002 1.0 105 
3003 1.0 500 
3004 1.0 123 
3005 1.0 157 
3006 1.0 16 
3007 1.0 500 
3008 1.0 274 
3009 1.0 296 
3010 1.0 361 
3011 1.0 500 
3012 1.0 33 
3013 1.0 131 
3014 1.0 14 
3015 1.0 27 
3016 1.0 95 
3017 1.0 16 
3018 1.0 12 
3019 1.0 14 
3020 1.0 14 
3021 1.0 16 
3022 1.0 18 
3023 1.0 19 
3024 1.0 34 
3025 1.0 38 
3026 1.0 25 
3027 1.0 81 
3028 1.0 53 
3029 1.0 132 
3030 1.0 145 
3031 1.0 198 
3032 1.0 182 
3033 1.0 136 
3034 1.0 201 
3035 1.0 21 
3036 1.0 38 
3037 1.0 110 
3038 1.0 114 
3039 1.0 150 
3040 1.0 500 
3041 1.0 140 
3042 1.0 103 
3043 1.0 149 
3044 1.0 130 
3045 1.0 41 
3046 1.0 21 
3047 1.0 29 
3048 1.0 131 
3049 1.0 55 
3050 1.0 54 
3051 1.0 39 
3052 1.0 57 
3053 1.0 38 
3054 1.0 39 
3055 1.0 34 
3056 1.0 55 
3057 1.0 39 
3058 1.0 50 
3059 1.0 105 
3060 1.0 50 
3061 1.0 106 
3062 1.0 98 
3063 1.0 116 
3064 1.0 145 
3065 1.0 15 
3066 1.0 119 
3067 1.0 24 
3068 1.0 484 
3069 1.0 18 
3070 1.0 28 
3071 1.0 113 
3072 1.0 53 
3073 1.0 500 
3074 1.0 15 
3075 1.0 133 
3076 1.0 98 
3077 1.0 48 
3078 1.0 113 
3079 1.0 336 
3080 1.0 57 
3081 1.0 51 
3082 1.0 39 
3083 1.0 41 
3084 1.0 47 
3085 1.0 63 
3086 1.0 47 
3087 1.0 45 
3088 1.0 45 
3089 1.0 98 
3090 1.0 89 
3091 1.0 117 
3092 1.0 57 
3093 1.0 116 
3094 1.0 341 
3095 1.0 66 
3096 1.0 11 
3097 1.0 25 
3098 1.0 23 
3099 1.0 92 
3100 1.0 127 
3101 1.0 146 
3102 1.0 206 
3103 1.0 208 
3104 1.0 23 
3105 1.0 13 
3106 1.0 15 
3107 1.0 60 
3108 1.0 500 
3109 1.0 217 
3110 1.0 167 
3111 1.0 159 
3112 1.0 500 
3113 1.0 234 
3114 1.0 156 
3115 1.0 500 
3116 1.0 205 
3117 1.0 246 
3118 1.0 150 
3119 1.0 144 
3120 1.0 167 
3121 1.0 203 
3122 1.0 19 
3123 1.0 122 
3124 1.0 179 
3125 1.0 22 
3126 1.0 17 
3127 1.0 25 
3128 1.0 148 
3129 1.0 24 
3130 1.0 27 
3131 1.0 44 
3132 1.0 101 
3133 1.0 55 
3134 1.0 99 
3135 1.0 113 
3136 1.0 104 
3137 1.0 56 
3138 1.0 129 
3139 1.0 142 
3140 1.0 109 
3141 1.0 146 
3142 1.0 112 
3143 1.0 94 
3144 1.0 99 
3145 1.0 43 
3146 1.0 34 
3147 1.0 20 
3148 1.0 12 
3149 1.0 18 
3150 1.0 45 
3151 1.0 107 
3152 1.0 41 
3153 1.0 118 
3154 1.0 114 
3155 1.0 103 
3156 1.0 101 
3157 1.0 123 
3158 1.0 93 
3159 1.0 139 
3160 1.0 172 
3161 1.0 112 
3162 1.0 500 
3163 1.0 500 
3164 1.0 500 
3165 1.0 500 
3166 1.0 226 
3167 1.0 113 
3168 1.0 172 
3169 1.0 98 
3170 1.0 19 
3171 1.0 16 
3172 1.0 24 
3173 1.0 29 
3174 1.0 30 
3175 1.0 16 
3176 1.0 105 
3177 1.0 500 
3178 1.0 30 
3179 1.0 105 
3180 1.0 40 
3181 1.0 95 
3182 1.0 25 
3183 1.0 22 
3184 1.0 98 
3185 1.0 24 
3186 1.0 98 
3187 1.0 94 
3188 1.0 96 
3189 1.0 103 
3190 1.0 113 
3191 1.0 103 
3192 1.0 34 
3193 1.0 102 
3194 1.0 500 
3195 1.0 159 
3196 1.0 500 
3197 1.0 113 
3198 1.0 151 
3199 1.0 101 
3200 1.0 98 
3201 1.0 21 
3202 1.0 98 
3203 1.0 92 
3204 1.0 30 
3205 1.0 116 
3206 1.0 500 
3207 1.0 301 
3208 1.0 117 
3209 1.0 188 
3210 1.0 118 
3211 1.0 124 
3212 1.0 107 
3213 1.0 118 
3214 1.0 500 
3215 1.0 387 
3216 1.0 500 
3217 1.0 500 
3218 1.0 182 
3219 1.0 141 
3220 1.0 122 
3221 1.0 108 
3222 1.0 500 
3223 1.0 500 
3224 1.0 500 
3225 1.0 108 
3226 1.0 109 
3227 1.0 21 
3228 1.0 30 
3229 1.0 184 
3230 1.0 203 
3231 1.0 145 
3232 1.0 125 
3233 1.0 151 
3234 1.0 155 
3235 1.0 107 
3236 1.0 133 
3237 1.0 198 
3238 1.0 110 
3239 1.0 106 
3240 1.0 112 
3241 1.0 41 
3242 1.0 104 
3243 1.0 105 
3244 1.0 115 
3245 1.0 153 
3246 1.0 141 
3247 1.0 123 
3248 1.0 107 
3249 1.0 49 
3250 1.0 109 
3251 1.0 105 
3252 1.0 113 
3253 1.0 35 
3254 1.0 111 
3255 1.0 118 
3256 1.0 128 
3257 1.0 102 
3258 1.0 104 
3259 1.0 109 
3260 1.0 130 
3261 1.0 123 
3262 1.0 181 
3263 1.0 211 
3264 1.0 120 
3265 1.0 143 
3266 1.0 176 
3267 1.0 108 
3268 1.0 110 
3269 1.0 500 
3270 1.0 155 
3271 1.0 182 
3272 1.0 162 
3273 1.0 146 
3274 1.0 143 
3275 1.0 427 
3276 1.0 500 
3277 1.0 500 
3278 1.0 500 
3279 1.0 304 
3280 1.0 139 
3281 1.0 500 
3282 1.0 123 
3283 1.0 191 
3284 1.0 195 
3285 1.0 324 
3286 1.0 183 
3287 1.0 360 
3288 1.0 109 
3289 1.0 175 
3290 1.0 155 
3291 1.0 148 
3292 1.0 284 
3293 1.0 143 
3294 1.0 233 
3295 1.0 500 
3296 1.0 500 
3297 1.0 109 
3298 1.0 126 
3299 1.0 142 
3300 1.0 104 
3301 1.0 98 
3302 1.0 121 
3303 1.0 113 
3304 1.0 116 
3305 1.0 113 
3306 1.0 108 
3307 1.0 108 
3308 1.0 114 
3309 1.0 102 
3310 1.0 112 
3311 1.0 114 
3312 1.0 200 
3313 1.0 139 
3314 1.0 360 
3315 1.0 35 
3316 1.0 255 
3317 1.0 116 
3318 1.0 500 
3319 1.0 181 
3320 1.0 106 
3321 1.0 102 
3322 1.0 23 
3323 1.0 95 
3324 1.0 96 
3325 1.0 99 
3326 1.0 97 
3327 1.0 99 
3328 1.0 102 
3329 1.0 23 
3330 1.0 119 
3331 1.0 110 
3332 1.0 100 
3333 1.0 16 
3334 1.0 26 
3335 1.0 115 
3336 1.0 126 
3337 1.0 162 
3338 1.0 98 
3339 1.0 305 
3340 1.0 146 
3341 1.0 157 
3342 1.0 453 
3343 1.0 137 
3344 1.0 31 
3345 1.0 90 
3346 1.0 167 
3347 1.0 306 
3348 1.0 109 
3349 1.0 98 
3350 1.0 276 
3351 1.0 109 
3352 1.0 96 
3353 1.0 93 
3354 1.0 22 
3355 1.0 89 
3356 1.0 100 
3357 1.0 22 
3358 1.0 17 
3359 1.0 17 
3360 1.0 19 
3361 1.0 27 
3362 1.0 114 
3363 1.0 27 
3364 1.0 23 
3365 1.0 97 
3366 1.0 111 
3367 1.0 110 
3368 1.0 110 
3369 1.0 111 
3370 1.0 109 
3371 1.0 104 
3372 1.0 116 
3373 1.0 113 
3374 1.0 128 
3375 1.0 215 
3376 1.0 178 
3377 1.0 240 
3378 1.0 353 
3379 1.0 211 
3380 1.0 443 
3381 1.0 162 
3382 1.0 136 
3383 1.0 129 
3384 1.0 146 
3385 1.0 354 
3386 1.0 137 
3387 1.0 152 
3388 1.0 25 
3389 1.0 234 
3390 1.0 123 
3391 1.0 33 
3392 1.0 161 
3393 1.0 150 
3394 1.0 186 
3395 1.0 112 
3396 1.0 154 
3397 1.0 121 
3398 1.0 159 
3399 1.0 136 
3400 1.0 94 
3401 1.0 213 
3402 1.0 167 
3403 1.0 139 
3404 1.0 494 
3405 1.0 204 
3406 1.0 391 
3407 1.0 126 
3408 1.0 142 
3409 1.0 378 
3410 1.0 228 
3411 1.0 133 
3412 1.0 101 
3413 1.0 292 
3414 1.0 206 
3415 1.0 384 
3416 1.0 159 
3417 1.0 500 
3418 1.0 18 
3419 1.0 32 
3420 1.0 114 
3421 1.0 25 
3422 1.0 262 
3423 1.0 183 
3424 1.0 158 
3425 1.0 31 
3426 1.0 110 
3427 1.0 180 
3428 1.0 414 
3429 1.0 244 
3430 1.0 191 
3431 1.0 235 
3432 1.0 197 
3433 1.0 273 
3434 1.0 161 
3435 1.0 203 
3436 1.0 166 
3437 1.0 202 
3438 1.0 98 
3439 1.0 356 
3440 1.0 32 
3441 1.0 110 
3442 1.0 128 
3443 1.0 116 
3444 1.0 137 
3445 1.0 119 
3446 1.0 153 
3447 1.0 22 
3448 1.0 22 
3449 1.0 110 
3450 1.0 395 
3451 1.0 500 
3452 1.0 160 
3453 1.0 331 
3454 1.0 234 
3455 1.0 187 
3456 1.0 500 
3457 1.0 195 
3458 1.0 277 
3459 1.0 277 
3460 1.0 106 
3461 1.0 35 
3462 1.0 129 
3463 1.0 500 
3464 1.0 500 
3465 1.0 500 
3466 1.0 500 
3467 1.0 466 
3468 1.0 500 
3469 1.0 130 
3470 1.0 23 
3471 1.0 145 
3472 1.0 500 
3473 1.0 500 
3474 1.0 500 
3475 1.0 500 
3476 1.0 16 
3477 1.0 146 
3478 1.0 157 
3479 1.0 153 
3480 1.0 160 
3481 1.0 500 
3482 1.0 170 
3483 1.0 301 
3484 1.0 340 
3485 1.0 500 
3486 1.0 500 
3487 1.0 500 
3488 1.0 500 
3489 1.0 500 
3490 1.0 500 
3491 1.0 500 
3492 1.0 500 
3493 1.0 134 
3494 1.0 174 
3495 1.0 151 
3496 1.0 167 
3497 1.0 500 
3498 1.0 200 
3499 1.0 368 
3500 1.0 228 
3501 1.0 239 
3502 1.0 407 
3503 1.0 500 
3504 1.0 218 
3505 1.0 304 
3506 1.0 500 
3507 1.0 202 
3508 1.0 153 
3509 1.0 18 
3510 1.0 104 
3511 1.0 109 
3512 1.0 133 
3513 1.0 182 
3514 1.0 21 
3515 1.0 115 
3516 1.0 17 
3517 1.0 19 
3518 1.0 21 
3519 1.0 16 
3520 1.0 25 
3521 1.0 131 
3522 1.0 27 
3523 1.0 137 
3524 1.0 122 
3525 1.0 124 
3526 1.0 126 
3527 1.0 153 
3528 1.0 155 
3529 1.0 183 
3530 1.0 174 
3531 1.0 146 
3532 1.0 154 
3533 1.0 212 
3534 1.0 138 
3535 1.0 187 
3536 1.0 149 
3537 1.0 178 
3538 1.0 192 
3539 1.0 201 
3540 1.0 125 
3541 1.0 29 
3542 1.0 122 
3543 1.0 115 
3544 1.0 14 
3545 1.0 256 
3546 1.0 322 
3547 1.0 481 
3548 1.0 293 
3549 1.0 246 
3550 1.0 18 
3551 1.0 172 
3552 1.0 500 
3553 1.0 188 
3554 1.0 500 
3555 1.0 500 
3556 1.0 120 
3557 1.0 306 
3558 1.0 319 
3559 1.0 163 
3560 1.0 500 
3561 1.0 500 
3562 1.0 300 
3563 1.0 202 
3564 1.0 134 
3565 1.0 446 
3566 1.0 16 
3567 1.0 22 
3568 1.0 180 
3569 1.0 107 
3570 1.0 161 
3571 1.0 131 
3572 1.0 211 
3573 1.0 142 
3574 1.0 144 
3575 1.0 500 
3576 1.0 155 
3577 1.0 314 
3578 1.0 145 
3579 1.0 25 
3580 1.0 282 
3581 1.0 500 
3582 1.0 105 
3583 1.0 161 
3584 1.0 170 
3585 1.0 13 
3586 1.0 13 
3587 1.0 17 
3588 1.0 109 
3589 1.0 114 
3590 1.0 182 
3591 1.0 185 
3592 1.0 168 
3593 1.0 204 
3594 1.0 100 
3595 1.0 145 
3596 1.0 205 
3597 1.0 263 
3598 1.0 150 
3599 1.0 174 
3600 1.0 182 
3601 1.0 170 
3602 1.0 145 
3603 1.0 312 
3604 1.0 148 
3605 1.0 500 
3606 1.0 15 
3607 1.0 135 
3608 1.0 226 
3609 1.0 500 
3610 1.0 157 
3611 1.0 198 
3612 1.0 15 
3613 1.0 117 
3614 1.0 150 
3615 1.0 10 
3616 1.0 124 
3617 1.0 125 
3618 1.0 135 
3619 1.0 141 
3620 1.0 155 
3621 1.0 174 
3622 1.0 149 
3623 1.0 131 
3624 1.0 179 
3625 1.0 197 
3626 1.0 209 
3627 1.0 163 
3628 1.0 20 
3629 1.0 112 
3630 1.0 174 
3631 1.0 159 
3632 1.0 167 
3633 1.0 166 
3634 1.0 208 
3635 1.0 184 
3636 1.0 29 
3637 1.0 161 
3638 1.0 139 
3639 1.0 165 
3640 1.0 129 
3641 1.0 131 
3642 1.0 361 
3643 1.0 142 
3644 1.0 169 
3645 1.0 26 
3646 1.0 99 
3647 1.0 181 
3648 1.0 272 
3649 1.0 430 
3650 1.0 189 
3651 1.0 197 
3652 1.0 216 
3653 1.0 500 
3654 1.0 332 
3655 1.0 207 
3656 1.0 256 
3657 1.0 500 
3658 1.0 335 
3659 1.0 500 
3660 1.0 267 
3661 1.0 242 
3662 1.0 252 
3663 1.0 290 
3664 1.0 500 
3665 1.0 166 
3666 1.0 163 
3667 1.0 161 
3668 1.0 442 
3669 1.0 158 
3670 1.0 172 
3671 1.0 14 
3672 1.0 109 
3673 1.0 9 
3674 1.0 9 
3675 1.0 15 
3676 1.0 11 
3677 1.0 11 
3678 1.0 10 
3679 1.0 12 
3680 1.0 12 
3681 1.0 12 
3682 1.0 10 
3683 1.0 13 
3684 1.0 11 
3685 1.0 10 
3686 1.0 9 
3687 1.0 11 
3688 1.0 12 
3689 1.0 15 
3690 1.0 13 
3691 1.0 10 
3692 1.0 11 
3693 1.0 16 
3694 1.0 113 
3695 1.0 13 
3696 1.0 14 
3697 1.0 14 
3698 1.0 16 
3699 1.0 12 
3700 1.0 12 
3701 1.0 16 
3702 1.0 22 
3703 1.0 25 
3704 1.0 18 
3705 1.0 21 
3706 1.0 22 
3707 1.0 101 
3708 1.0 111 
3709 1.0 119 
3710 1.0 109 
3711 1.0 117 
3712 1.0 111 
3713 1.0 145 
3714 1.0 17 
3715 1.0 141 
3716 1.0 244 
3717 1.0 332 
3718 1.0 305 
3719 1.0 12 
3720 1.0 112 
3721 1.0 93 
3722 1.0 23 
3723 1.0 17 
3724 1.0 10 
3725 1.0 13 
3726 1.0 416 
3727 1.0 15 
3728 1.0 14 
3729 1.0 15 
3730 1.0 15 
3731 1.0 15 
3732 1.0 18 
3733 1.0 15 
3734 1.0 15 
3735 1.0 17 
3736 1.0 15 
3737 1.0 17 
3738 1.0 164 
3739 1.0 500 
3740 1.0 500 
3741 1.0 318 
3742 1.0 24 
3743 1.0 128 
3744 1.0 119 
3745 1.0 190 
3746 1.0 262 
3747 1.0 234 
3748 1.0 21 
3749 1.0 103 
3750 1.0 140 
3751 1.0 147 
3752 1.0 310 
3753 1.0 221 
3754 1.0 26 
3755 1.0 21 
3756 1.0 182 
3757 1.0 215 
3758 1.0 192 
3759 1.0 313 
3760 1.0 500 
3761 1.0 24 
3762 1.0 20 
3763 1.0 500 
3764 1.0 500 
3765 1.0 131 
3766 1.0 115 
3767 1.0 148 
3768 1.0 90 
3769 1.0 164 
3770 1.0 98 
3771 1.0 116 
3772 1.0 117 
3773 1.0 103 
3774 1.0 111 
3775 1.0 120 
3776 1.0 111 
3777 1.0 109 
3778 1.0 137 
3779 1.0 158 
3780 1.0 251 
3781 1.0 469 
3782 1.0 331 
3783 1.0 500 
3784 1.0 247 
3785 1.0 15 
3786 1.0 13 
3787 1.0 104 
3788 1.0 24 
3789 1.0 31 
3790 1.0 25 
3791 1.0 20 
3792 1.0 23 
3793 1.0 93 
3794 1.0 94 
3795 1.0 25 
3796 1.0 160 
3797 1.0 324 
3798 1.0 114 
3799 1.0 35 
3800 1.0 27 
3801 1.0 113 
3802 1.0 105 
3803 1.0 30 
3804 1.0 35 
3805 1.0 17 
3806 1.0 176 
3807 1.0 166 
3808 1.0 96 
3809 1.0 101 
3810 1.0 95 
3811 1.0 97 
3812 1.0 94 
3813 1.0 92 
3814 1.0 106 
3815 1.0 103 
3816 1.0 120 
3817 1.0 164 
3818 1.0 382 
3819 1.0 99 
3820 1.0 311 
3821 1.0 94 
3822 1.0 25 
3823 1.0 18 
3824 1.0 118 
3825 1.0 26 
3826 1.0 26 
3827 1.0 24 
3828 1.0 19 
3829 1.0 19 
3830 1.0 22 
3831 1.0 20 
3832 1.0 17 
3833 1.0 25 
3834 1.0 29 
3835 1.0 31 
3836 1.0 18 
3837 1.0 15 
3838 1.0 14 
3839 1.0 15 
3840 1.0 14 
3841 1.0 21 
3842 1.0 101 
3843 1.0 103 
3844 1.0 103 
3845 1.0 109 
3846 1.0 116 
3847 1.0 106 
3848 1.0 126 
3849 1.0 103 
3850 1.0 121 
3851 1.0 133 
3852 1.0 152 
3853 1.0 322 
3854 1.0 107 
3855 1.0 143 
3856 1.0 143 
3857 1.0 136 
3858 1.0 136 
3859 1.0 109 
3860 1.0 194 
3861 1.0 115 
3862 1.0 140 
3863 1.0 184 
3864 1.0 137 
3865 1.0 141 
3866 1.0 176 
3867 1.0 149 
3868 1.0 115 
3869 1.0 132 
3870 1.0 243 
3871 1.0 105 
3872 1.0 252 
3873 1.0 278 
3874 1.0 173 
3875 1.0 170 
3876 1.0 204 
3877 1.0 255 
3878 1.0 169 
3879 1.0 16 
3880 1.0 113 
3881 1.0 338 
3882 1.0 282 
3883 1.0 26 
3884 1.0 25 
3885 1.0 114 
3886 1.0 98 
3887 1.0 111 
3888 1.0 153 
3889 1.0 344 
3890 1.0 170 
3891 1.0 256 
3892 1.0 189 
3893 1.0 176 
3894 1.0 391 
3895 1.0 371 
3896 1.0 94 
3897 1.0 106 
3898 1.0 109 
3899 1.0 118 
3900 1.0 117 
3901 1.0 97 
3902 1.0 97 
3903 1.0 107 
3904 1.0 221 
3905 1.0 109 
3906 1.0 118 
3907 1.0 132 
3908 1.0 233 
3909 1.0 124 
3910 1.0 122 
3911 1.0 204 
3912 1.0 97 
3913 1.0 108 
3914 1.0 289 
3915 1.0 105 
3916 1.0 157 
3917 1.0 109 
3918 1.0 116 
3919 1.0 148 
3920 1.0 134 
3921 1.0 113 
3922 1.0 119 
3923 1.0 117 
3924 1.0 128 
3925 1.0 145 
3926 1.0 252 
3927 1.0 180 
3928 1.0 114 
3929 1.0 164 
3930 1.0 158 
3931 1.0 134 
3932 1.0 138 
3933 1.0 161 
3934 1.0 393 
3935 1.0 121 
3936 1.0 474 
3937 1.0 166 
3938 1.0 419 
3939 1.0 135 
3940 1.0 138 
3941 1.0 162 
3942 1.0 97 
3943 1.0 96 
3944 1.0 114 
3945 1.0 68 
3946 1.0 226 
3947 1.0 156 
3948 1.0 281 
3949 1.0 24 
3950 1.0 204 
3951 1.0 178 
3952 1.0 177 
3953 1.0 196 
3954 1.0 138 
3955 1.0 119 
3956 1.0 147 
3957 1.0 136 
3958 1.0 166 
3959 1.0 164 
3960 1.0 500 
3961 1.0 184 
3962 1.0 269 
3963 1.0 226 
3964 1.0 355 
3965 1.0 269 
3966 1.0 249 
3967 1.0 201 
3968 1.0 103 
3969 1.0 227 
3970 1.0 500 
3971 1.0 260 
3972 1.0 262 
3973 1.0 105 
3974 1.0 165 
3975 1.0 136 
3976 1.0 117 
3977 1.0 104 
3978 1.0 103 
3979 1.0 127 
3980 1.0 103 
3981 1.0 109 
3982 1.0 99 
3983 1.0 116 
3984 1.0 111 
3985 1.0 213 
3986 1.0 145 
3987 1.0 191 
3988 1.0 171 
3989 1.0 140 
3990 1.0 170 
3991 1.0 159 
3992 1.0 349 
3993 1.0 145 
3994 1.0 138 
3995 1.0 131 
3996 1.0 260 
3997 1.0 365 
3998 1.0 127 
3999 1.0 324 
4000 1.0 338 
4001 1.0 349 
4002 1.0 122 
4003 1.0 119 
4004 1.0 111 
4005 1.0 159 
4006 1.0 446 
4007 1.0 143 
4008 1.0 154 
4009 1.0 111 
4010 1.0 129 
4011 1.0 116 
4012 1.0 117 
4013 1.0 127 
4014 1.0 126 
4015 1.0 124 
4016 1.0 129 
4017 1.0 131 
4018 1.0 142 
4019 1.0 140 
4020 1.0 123 
4021 1.0 151 
4022 1.0 140 
4023 1.0 131 
4024 1.0 150 
4025 1.0 116 
4026 1.0 84 
4027 1.0 166 
4028 1.0 112 
4029 1.0 161 
4030 1.0 266 
4031 1.0 310 
4032 1.0 113 
4033 1.0 121 
4034 1.0 142 
4035 1.0 118 
4036 1.0 146 
4037 1.0 122 
4038 1.0 142 
4039 1.0 192 
4040 1.0 175 
4041 1.0 179 
4042 1.0 349 
4043 1.0 128 
4044 1.0 22 
4045 1.0 125 
4046 1.0 209 
4047 1.0 70 
4048 1.0 123 
4049 1.0 234 
4050 1.0 145 
4051 1.0 134 
4052 1.0 142 
4053 1.0 120 
4054 1.0 245 
4055 1.0 106 
4056 1.0 84 
4057 1.0 330 
4058 1.0 272 
4059 1.0 172 
4060 1.0 373 
4061 1.0 192 
4062 1.0 239 
4063 1.0 249 
4064 1.0 32 
4065 1.0 127 
4066 1.0 110 
4067 1.0 273 
4068 1.0 85 
4069 1.0 129 
4070 1.0 104 
4071 1.0 112 
4072 1.0 196 
4073 1.0 100 
4074 1.0 129 
4075 1.0 100 
4076 1.0 46 
4077 1.0 201 
4078 1.0 100 
4079 1.0 86 
4080 1.0 121 
4081 1.0 117 
4082 1.0 101 
4083 1.0 135 
4084 1.0 112 
4085 1.0 104 
4086 1.0 184 
4087 1.0 120 
4088 1.0 116 
4089 1.0 233 
4090 1.0 101 
4091 1.0 113 
4092 1.0 108 
4093 1.0 102 
4094 1.0 87 
4095 1.0 124 
4096 1.0 177 
4097 1.0 209 
4098 1.0 64 
4099 1.0 235 
4100 1.0 244 
4101 1.0 123 
4102 1.0 101 
4103 1.0 61 
4104 1.0 128 
4105 1.0 125 
4106 1.0 118 
4107 1.0 123 
4108 1.0 145 
4109 1.0 105 
4110 1.0 76 
4111 1.0 113 
4112 1.0 95 
4113 1.0 129 
4114 1.0 134 
4115 1.0 125 
4116 1.0 121 
4117 1.0 118 
4118 1.0 128 
4119 1.0 115 
4120 1.0 126 
4121 1.0 123 
4122 1.0 76 
4123 1.0 89 
4124 1.0 109 
4125 1.0 95 
4126 1.0 111 
4127 1.0 103 
4128 1.0 68 
4129 1.0 80 
4130 1.0 104 
4131 1.0 104 
4132 1.0 309 
4133 1.0 110 
4134 1.0 106 
4135 1.0 113 
4136 1.0 103 
4137 1.0 116 
4138 1.0 104 
4139 1.0 122 
4140 1.0 102 
4141 1.0 137 
4142 1.0 109 
4143 1.0 103 
4144 1.0 119 
4145 1.0 130 
4146 1.0 126 
4147 1.0 121 
4148 1.0 231 
4149 1.0 122 
4150 1.0 187 
4151 1.0 168 
4152 1.0 263 
4153 1.0 180 
4154 1.0 167 
4155 1.0 205 
4156 1.0 22 
4157 1.0 24 
4158 1.0 171 
4159 1.0 121 
4160 1.0 130 
4161 1.0 121 
4162 1.0 18 
4163 1.0 69 
4164 1.0 158 
4165 1.0 81 
4166 1.0 100 
4167 1.0 58 
4168 1.0 78 
4169 1.0 99 
4170 1.0 94 
4171 1.0 93 
4172 1.0 119 
4173 1.0 109 
4174 1.0 118 
4175 1.0 90 
4176 1.0 103 
4177 1.0 231 
4178 1.0 212 
4179 1.0 62 
4180 1.0 69 
4181 1.0 192 
4182 1.0 124 
4183 1.0 123 
4184 1.0 120 
4185 1.0 142 
4186 1.0 140 
4187 1.0 62 
4188 1.0 35 
4189 1.0 88 
4190 1.0 140 
4191 1.0 81 
4192 1.0 168 
4193 1.0 125 
4194 1.0 108 
4195 1.0 40 
4196 1.0 106 
4197 1.0 53 
4198 1.0 127 
4199 1.0 132 
4200 1.0 98 
4201 1.0 70 
4202 1.0 107 
4203 1.0 139 
4204 1.0 343 
4205 1.0 157 
4206 1.0 97 
4207 1.0 57 
4208 1.0 150 
4209 1.0 137 
4210 1.0 189 
4211 1.0 124 
4212 1.0 168 
4213 1.0 157 
4214 1.0 228 
4215 1.0 128 
4216 1.0 444 
4217 1.0 91 
4218 1.0 56 
4219 1.0 22 
4220 1.0 168 
4221 1.0 73 
4222 1.0 247 
4223 1.0 220 
4224 1.0 134 
4225 1.0 207 
4226 1.0 143 
4227 1.0 209 
4228 1.0 170 
4229 1.0 136 
4230 1.0 140 
4231 1.0 302 
4232 1.0 183 
4233 1.0 152 
4234 1.0 94 
4235 1.0 100 
4236 1.0 154 
4237 1.0 19 
4238 1.0 108 
4239 1.0 259 
4240 1.0 500 
4241 1.0 95 
4242 1.0 125 
4243 1.0 163 
4244 1.0 137 
4245 1.0 161 
4246 1.0 152 
4247 1.0 139 
4248 1.0 119 
4249 1.0 103 
4250 1.0 109 
4251 1.0 117 
4252 1.0 126 
4253 1.0 68 
4254 1.0 18 
4255 1.0 74 
4256 1.0 218 
4257 1.0 106 
4258 1.0 128 
4259 1.0 108 
4260 1.0 126 
4261 1.0 16 
4262 1.0 99 
4263 1.0 156 
4264 1.0 168 
4265 1.0 190 
4266 1.0 24 
4267 1.0 85 
4268 1.0 151 
4269 1.0 33 
4270 1.0 162 
4271 1.0 146 
4272 1.0 330 
4273 1.0 134 
4274 1.0 44 
4275 1.0 145 
4276 1.0 81 
4277 1.0 60 
4278 1.0 46 
4279 1.0 20 
4280 1.0 34 
4281 1.0 114 
4282 1.0 339 
4283 1.0 20 
4284 1.0 20 
4285 1.0 38 
4286 1.0 25 
4287 1.0 21 
4288 1.0 13 
4289 1.0 107 
4290 1.0 88 
4291 1.0 109 
4292 1.0 99 
4293 1.0 304 
4294 1.0 25 
4295 1.0 45 
4296 1.0 179 
4297 1.0 178 
4298 1.0 75 
4299 1.0 131 
4300 1.0 94 
4301 1.0 63 
4302 1.0 41 
4303 1.0 94 
4304 1.0 28 
4305 1.0 22 
4306 1.0 99 
4307 1.0 24 
4308 1.0 99 
4309 1.0 500 
4310 1.0 100 
4311 1.0 99 
4312 1.0 465 
4313 1.0 103 
4314 1.0 92 
4315 1.0 108 
4316 1.0 95 
4317 1.0 98 
4318 1.0 97 
4319 1.0 178 
4320 1.0 111 
4321 1.0 156 
4322 1.0 243 
4323 1.0 76 
4324 1.0 93 
4325 1.0 111 
4326 1.0 500 
4327 1.0 133 
4328 1.0 94 
4329 1.0 169 
4330 1.0 17 
4331 1.0 477 
4332 1.0 154 
4333 1.0 210 
4334 1.0 126 
4335 1.0 390 
4336 1.0 138 
4337 1.0 141 
4338 1.0 123 
4339 1.0 131 
4340 1.0 113 
4341 1.0 114 
4342 1.0 151 
4343 1.0 97 
4344 1.0 196 
4345 1.0 186 
4346 1.0 148 
4347 1.0 177 
4348 1.0 500 
4349 1.0 98 
4350 1.0 113 
4351 1.0 500 
4352 1.0 255 
4353 1.0 214 
4354 1.0 441 
4355 1.0 187 
4356 1.0 16 
4357 1.0 106 
4358 1.0 134 
4359 1.0 113 
4360 1.0 100 
4361 1.0 110 
4362 1.0 102 
4363 1.0 118 
4364 1.0 117 
4365 1.0 124 
4366 1.0 145 
4367 1.0 397 
4368 1.0 21 
4369 1.0 201 
4370 1.0 207 
4371 1.0 142 
4372 1.0 146 
4373 1.0 203 
4374 1.0 178 
4375 1.0 255 
4376 1.0 133 
4377 1.0 153 
4378 1.0 72 
4379 1.0 161 
4380 1.0 124 
4381 1.0 12 
4382 1.0 14 
4383 1.0 18 
4384 1.0 30 
4385 1.0 21 
4386 1.0 15 
4387 1.0 17 
4388 1.0 12 
4389 1.0 24 
4390 1.0 107 
4391 1.0 104 
4392 1.0 101 
4393 1.0 137 
4394 1.0 18 
4395 1.0 104 
4396 1.0 191 
4397 1.0 361 
4398 1.0 364 
4399 1.0 370 
4400 1.0 338 
4401 1.0 150 
4402 1.0 145 
4403 1.0 16 
4404 1.0 114 
4405 1.0 148 
4406 1.0 315 
4407 1.0 151 
4408 1.0 434 
4409 1.0 488 
4410 1.0 32 
4411 1.0 140 
4412 1.0 143 
4413 1.0 161 
4414 1.0 113 
4415 1.0 126 
4416 1.0 16 
4417 1.0 18 
4418 1.0 27 
4419 1.0 104 
4420 1.0 256 
4421 1.0 200 
4422 1.0 359 
4423 1.0 500 
4424 1.0 173 
4425 1.0 153 
4426 1.0 159 
4427 1.0 182 
4428 1.0 241 
4429 1.0 155 
4430 1.0 161 
4431 1.0 197 
4432 1.0 160 
4433 1.0 154 
4434 1.0 136 
4435 1.0 18 
4436 1.0 159 
4437 1.0 148 
4438 1.0 94 
4439 1.0 120 
4440 1.0 347 
4441 1.0 500 
4442 1.0 34 
4443 1.0 107 
4444 1.0 125 
4445 1.0 154 
4446 1.0 182 
4447 1.0 176 
4448 1.0 121 
4449 1.0 143 
4450 1.0 125 
4451 1.0 105 
4452 1.0 161 
4453 1.0 211 
4454 1.0 138 
4455 1.0 240 
4456 1.0 98 
4457 1.0 104 
4458 1.0 500 
4459 1.0 157 
4460 1.0 245 
4461 1.0 369 
4462 1.0 489 
4463 1.0 153 
4464 1.0 253 
4465 1.0 149 
4466 1.0 356 
4467 1.0 130 
4468 1.0 305 
4469 1.0 130 
4470 1.0 104 
4471 1.0 102 
4472 1.0 141 
4473 1.0 131 
4474 1.0 135 
4475 1.0 309 
4476 1.0 136 
4477 1.0 99 
4478 1.0 23 
4479 1.0 196 
4480 1.0 391 
4481 1.0 124 
4482 1.0 97 
4483 1.0 109 
4484 1.0 111 
4485 1.0 214 
4486 1.0 146 
4487 1.0 180 
4488 1.0 326 
4489 1.0 447 
4490 1.0 272 
4491 1.0 420 
4492 1.0 147 
4493 1.0 173 
4494 1.0 12 
4495 1.0 123 
4496 1.0 18 
4497 1.0 19 
4498 1.0 13 
4499 1.0 115 
4500 1.0 105 
4501 1.0 19 
4502 1.0 24 
4503 1.0 18 
4504 1.0 500 
4505 1.0 261 
4506 1.0 136 
4507 1.0 124 
4508 1.0 109 
4509 1.0 164 
4510 1.0 110 
4511 1.0 40 
4512 1.0 101 
4513 1.0 18 
4514 1.0 22 
4515 1.0 15 
4516 1.0 17 
4517 1.0 23 
4518 1.0 19 
4519 1.0 19 
4520 1.0 16 
4521 1.0 20 
4522 1.0 17 
4523 1.0 45 
4524 1.0 34 
4525 1.0 75 
4526 1.0 48 
4527 1.0 47 
4528 1.0 40 
4529 1.0 40 
4530 1.0 108 
4531 1.0 97 
4532 1.0 101 
4533 1.0 36 
4534 1.0 44 
4535 1.0 81 
4536 1.0 17 
4537 1.0 35 
4538 1.0 17 
4539 1.0 18 
4540 1.0 24 
4541 1.0 17 
4542 1.0 14 
4543 1.0 116 
4544 1.0 42 
4545 1.0 93 
4546 1.0 32 
4547 1.0 27 
4548 1.0 24 
4549 1.0 89 
4550 1.0 16 
4551 1.0 108 
4552 1.0 111 
4553 1.0 99 
4554 1.0 109 
4555 1.0 107 
4556 1.0 92 
4557 1.0 121 
4558 1.0 14 
4559 1.0 14 
4560 1.0 33 
4561 1.0 44 
4562 1.0 31 
4563 1.0 38 
4564 1.0 27 
4565 1.0 29 
4566 1.0 29 
4567 1.0 27 
4568 1.0 31 
4569 1.0 116 
4570 1.0 112 
4571 1.0 12 
4572 1.0 16 
4573 1.0 16 
4574 1.0 19 
4575 1.0 15 
4576 1.0 20 
4577 1.0 9 
4578 1.0 10 
4579 1.0 13 
4580 1.0 13 
4581 1.0 16 
4582 1.0 19 
4583 1.0 18 
4584 1.0 11 
4585 1.0 32 
4586 1.0 116 
4587 1.0 113 
4588 1.0 38 
4589 1.0 20 
4590 1.0 93 
4591 1.0 98 
4592 1.0 101 
4593 1.0 114 
4594 1.0 68 
4595 1.0 96 
4596 1.0 113 
4597 1.0 86 
4598 1.0 129 
4599 1.0 126 
4600 1.0 120 
4601 1.0 79 
4602 1.0 74 
4603 1.0 85 
4604 1.0 93 
4605 1.0 92 
4606 1.0 121 
4607 1.0 101 
4608 1.0 97 
4609 1.0 84 
4610 1.0 87 
4611 1.0 98 
4612 1.0 71 
4613 1.0 127 
4614 1.0 242 
4615 1.0 113 
4616 1.0 392 
4617 1.0 133 
4618 1.0 109 
4619 1.0 101 
4620 1.0 111 
4621 1.0 112 
4622 1.0 130 
4623 1.0 92 
4624 1.0 118 
4625 1.0 107 
4626 1.0 121 
4627 1.0 105 
4628 1.0 93 
4629 1.0 95 
4630 1.0 76 
4631 1.0 82 
4632 1.0 85 
4633 1.0 98 
4634 1.0 84 
4635 1.0 105 
4636 1.0 95 
4637 1.0 141 
4638 1.0 116 
4639 1.0 108 
4640 1.0 144 
4641 1.0 500 
4642 1.0 116 
4643 1.0 106 
4644 1.0 104 
4645 1.0 114 
4646 1.0 102 
4647 1.0 74 
4648 1.0 119 
4649 1.0 115 
4650 1.0 100 
4651 1.0 95 
4652 1.0 115 
4653 1.0 96 
4654 1.0 108 
4655 1.0 114 
4656 1.0 117 
4657 1.0 102 
4658 1.0 82 
4659 1.0 96 
4660 1.0 105 
4661 1.0 90 
4662 1.0 91 
4663 1.0 66 
4664 1.0 118 
4665 1.0 143 
4666 1.0 98 
4667 1.0 106 
4668 1.0 65 
4669 1.0 113 
4670 1.0 90 
4671 1.0 83 
4672 1.0 80 
4673 1.0 87 
4674 1.0 98 
4675 1.0 80 
4676 1.0 41 
4677 1.0 65 
4678 1.0 46 
4679 1.0 65 
4680 1.0 36 
4681 1.0 21 
4682 1.0 18 
4683 1.0 20 
4684 1.0 18 
4685 1.0 23 
4686 1.0 36 
4687 1.0 66 
4688 1.0 45 
4689 1.0 112 
4690 1.0 122 
4691 1.0 112 
4692 1.0 109 
4693 1.0 92 
4694 1.0 106 
4695 1.0 102 
4696 1.0 106 
4697 1.0 20 
4698 1.0 93 
4699 1.0 100 
4700 1.0 141 
4701 1.0 103 
4702 1.0 105 
4703 1.0 105 
4704 1.0 98 
4705 1.0 106 
4706 1.0 103 
4707 1.0 186 
4708 1.0 188 
4709 1.0 207 
4710 1.0 110 
4711 1.0 168 
4712 1.0 134 
4713 1.0 289 
4714 1.0 134 
4715 1.0 139 
4716 1.0 106 
4717 1.0 173 
4718 1.0 97 
4719 1.0 179 
4720 1.0 115 
4721 1.0 122 
4722 1.0 81 
4723 1.0 26 
4724 1.0 116 
4725 1.0 77 
4726 1.0 143 
4727 1.0 143 
4728 1.0 130 
4729 1.0 97 
4730 1.0 58 
4731 1.0 63 
4732 1.0 88 
4733 1.0 101 
4734 1.0 500 
4735 1.0 114 
4736 1.0 13 
4737 1.0 122 
4738 1.0 500 
4739 1.0 107 
4740 1.0 23 
4741 1.0 290 
4742 1.0 44 
4743 1.0 58 
4744 1.0 141 
4745 1.0 66 
4746 1.0 90 
4747 1.0 65 
4748 1.0 80 
4749 1.0 98 
4750 1.0 68 
4751 1.0 74 
4752 1.0 77 
4753 1.0 83 
4754 1.0 103 
4755 1.0 115 
4756 1.0 82 
4757 1.0 29 
4758 1.0 39 
4759 1.0 49 
4760 1.0 52 
4761 1.0 51 
4762 1.0 49 
4763 1.0 69 
4764 1.0 95 
4765 1.0 67 
4766 1.0 72 
4767 1.0 117 
4768 1.0 19 
4769 1.0 21 
4770 1.0 70 
4771 1.0 28 
4772 1.0 68 
4773 1.0 58 
4774 1.0 75 
4775 1.0 70 
4776 1.0 68 
4777 1.0 24 
4778 1.0 81 
4779 1.0 68 
4780 1.0 93 
4781 1.0 91 
4782 1.0 23 
4783 1.0 49 
4784 1.0 22 
4785 1.0 68 
4786 1.0 22 
4787 1.0 79 
4788 1.0 270 
4789 1.0 86 
4790 1.0 88 
4791 1.0 83 
4792 1.0 77 
4793 1.0 190 
4794 1.0 383 
4795 1.0 84 
4796 1.0 83 
4797 1.0 500 
4798 1.0 161 
4799 1.0 369 
4800 1.0 209 
4801 1.0 184 
4802 1.0 394 
4803 1.0 73 
4804 1.0 18 
4805 1.0 19 
4806 1.0 105 
4807 1.0 142 
4808 1.0 209 
4809 1.0 124 
4810 1.0 110 
4811 1.0 165 
4812 1.0 119 
4813 1.0 30 
4814 1.0 95 
4815 1.0 102 
4816 1.0 130 
4817 1.0 156 
4818 1.0 129 
4819 1.0 23 
4820 1.0 98 
4821 1.0 152 
4822 1.0 121 
4823 1.0 135 
4824 1.0 148 
4825 1.0 118 
4826 1.0 127 
4827 1.0 117 
4828 1.0 134 
4829 1.0 131 
4830 1.0 119 
4831 1.0 101 
4832 1.0 135 
4833 1.0 96 
4834 1.0 152 
4835 1.0 100 
4836 1.0 112 
4837 1.0 98 
4838 1.0 108 
4839 1.0 125 
4840 1.0 121 
4841 1.0 99 
4842 1.0 144 
4843 1.0 217 
4844 1.0 93 
4845 1.0 160 
4846 1.0 117 
4847 1.0 143 
4848 1.0 129 
4849 1.0 97 
4850 1.0 84 
4851 1.0 414 
4852 1.0 21 
4853 1.0 95 
4854 1.0 241 
4855 1.0 491 
4856 1.0 91 
4857 1.0 25 
4858 1.0 122 
4859 1.0 221 
4860 1.0 14 
4861 1.0 15 
4862 1.0 172 
4863 1.0 152 
4864 1.0 121 
4865 1.0 28 
4866 1.0 205 
4867 1.0 210 
4868 1.0 124 
4869 1.0 149 
4870 1.0 177 
4871 1.0 134 
4872 1.0 92 
4873 1.0 113 
4874 1.0 500 
4875 1.0 176 
4876 1.0 158 
4877 1.0 152 
4878 1.0 128 
4879 1.0 500 
4880 1.0 25 
4881 1.0 17 
4882 1.0 99 
4883 1.0 500 
4884 1.0 143 
4885 1.0 138 
4886 1.0 147 
4887 1.0 176 
4888 1.0 100 
4889 1.0 92 
4890 1.0 105 
4891 1.0 11 
4892 1.0 100 
4893 1.0 100 
4894 1.0 109 
4895 1.0 120 
4896 1.0 103 
4897 1.0 99 
4898 1.0 93 
4899 1.0 101 
4900 1.0 11 
4901 1.0 103 
4902 1.0 104 
4903 1.0 99 
4904 1.0 98 
4905 1.0 16 
4906 1.0 104 
4907 1.0 96 
4908 1.0 99 
4909 1.0 104 
4910 1.0 100 
4911 1.0 143 
4912 1.0 99 
4913 1.0 18 
4914 1.0 101 
4915 1.0 118 
4916 1.0 110 
4917 1.0 132 
4918 1.0 457 
4919 1.0 160 
4920 1.0 141 
4921 1.0 135 
4922 1.0 126 
4923 1.0 130 
4924 1.0 145 
4925 1.0 169 
4926 1.0 281 
4927 1.0 205 
4928 1.0 316 
4929 1.0 11 
4930 1.0 180 
4931 1.0 135 
4932 1.0 110 
4933 1.0 23 
4934 1.0 184 
4935 1.0 105 
4936 1.0 110 
4937 1.0 115 
4938 1.0 111 
4939 1.0 124 
4940 1.0 130 
4941 1.0 127 
4942 1.0 12 
4943 1.0 159 
4944 1.0 244 
4945 1.0 183 
4946 1.0 175 
4947 1.0 185 
4948 1.0 126 
4949 1.0 114 
4950 1.0 133 
4951 1.0 154 
4952 1.0 138 
4953 1.0 124 
4954 1.0 127 
4955 1.0 178 
4956 1.0 108 
4957 1.0 142 
4958 1.0 129 
4959 1.0 112 
4960 1.0 19 
4961 1.0 324 
4962 1.0 127 
4963 1.0 106 
4964 1.0 500 
4965 1.0 500 
4966 1.0 500 
4967 1.0 500 
4968 1.0 150 
4969 1.0 156 
4970 1.0 16 
4971 1.0 500 
4972 1.0 131 
4973 1.0 134 
4974 1.0 112 
4975 1.0 114 
4976 1.0 122 
4977 1.0 131 
4978 1.0 106 
4979 1.0 112 
4980 1.0 123 
4981 1.0 125 
4982 1.0 116 
4983 1.0 10 
4984 1.0 173 
4985 1.0 119 
4986 1.0 216 
4987 1.0 358 
4988 1.0 11 
4989 1.0 12 
4990 1.0 13 
4991 1.0 208 
4992 1.0 11 
4993 1.0 10 
4994 1.0 11 
4995 1.0 15 
4996 1.0 13 
4997 1.0 11 
4998 1.0 14 
4999 1.0 121 
5000 1.0 195 
