0 1.0 9 
1 1.0 10 
2 1.0 27 
3 1.0 18 
4 1.0 38 
5 1.0 18 
6 1.0 14 
7 1.0 35 
8 1.0 12 
9 1.0 57 
10 1.0 19 
11 1.0 20 
12 1.0 17 
13 1.0 14 
14 1.0 14 
15 1.0 18 
16 1.0 14 
17 1.0 23 
18 1.0 25 
19 1.0 20 
20 1.0 20 
21 1.0 10 
22 1.0 52 
23 1.0 12 
24 1.0 29 
25 1.0 18 
26 1.0 15 
27 1.0 30 
28 1.0 14 
29 1.0 18 
30 1.0 13 
31 1.0 25 
32 1.0 38 
33 1.0 13 
34 1.0 13 
35 1.0 63 
36 1.0 14 
37 1.0 40 
38 1.0 25 
39 1.0 14 
40 1.0 18 
41 1.0 29 
42 1.0 51 
43 1.0 15 
44 1.0 33 
45 1.0 12 
46 1.0 11 
47 1.0 15 
48 1.0 23 
49 1.0 17 
50 1.0 15 
51 1.0 15 
52 1.0 31 
53 1.0 45 
54 1.0 28 
55 1.0 16 
56 1.0 16 
57 1.0 21 
58 1.0 11 
59 1.0 11 
60 1.0 39 
61 1.0 31 
62 1.0 31 
63 1.0 31 
64 1.0 15 
65 1.0 57 
66 1.0 24 
67 1.0 40 
68 1.0 69 
69 1.0 23 
70 1.0 21 
71 1.0 27 
72 1.0 20 
73 1.0 21 
74 1.0 16 
75 1.0 17 
76 1.0 14 
77 1.0 14 
78 1.0 17 
79 1.0 18 
80 1.0 15 
81 1.0 20 
82 1.0 20 
83 1.0 33 
84 1.0 10 
85 1.0 15 
86 1.0 41 
87 1.0 15 
88 1.0 13 
89 1.0 72 
90 1.0 33 
91 1.0 14 
92 1.0 31 
93 1.0 15 
94 1.0 22 
95 1.0 37 
96 1.0 24 
97 1.0 70 
98 1.0 33 
99 1.0 44 
100 1.0 34 
101 1.0 24 
102 1.0 45 
103 1.0 46 
104 1.0 17 
105 1.0 28 
106 1.0 63 
107 1.0 21 
108 1.0 16 
109 1.0 31 
110 1.0 16 
111 1.0 33 
112 1.0 59 
113 1.0 69 
114 1.0 29 
115 1.0 26 
116 1.0 24 
117 1.0 29 
118 1.0 24 
119 1.0 27 
120 1.0 43 
121 1.0 91 
122 1.0 24 
123 1.0 101 
124 1.0 103 
125 1.0 29 
126 1.0 25 
127 1.0 31 
128 1.0 68 
129 1.0 27 
130 1.0 33 
131 1.0 64 
132 1.0 35 
133 1.0 47 
134 1.0 58 
135 1.0 106 
136 1.0 49 
137 1.0 15 
138 1.0 55 
139 1.0 23 
140 1.0 40 
141 1.0 35 
142 1.0 37 
143 1.0 36 
144 1.0 43 
145 1.0 19 
146 1.0 63 
147 1.0 13 
148 1.0 17 
149 1.0 71 
150 1.0 40 
151 1.0 61 
152 1.0 47 
153 1.0 63 
154 1.0 51 
155 1.0 51 
156 1.0 36 
157 1.0 51 
158 1.0 33 
159 1.0 87 
160 1.0 72 
161 1.0 22 
162 1.0 79 
163 1.0 77 
164 1.0 138 
165 1.0 31 
166 1.0 66 
167 1.0 38 
168 1.0 22 
169 1.0 69 
170 1.0 97 
171 1.0 133 
172 1.0 25 
173 1.0 83 
174 1.0 21 
175 1.0 55 
176 1.0 44 
177 1.0 43 
178 1.0 32 
179 1.0 133 
180 1.0 79 
181 1.0 38 
182 1.0 49 
183 1.0 111 
184 1.0 100 
185 1.0 95 
186 1.0 120 
187 1.0 149 
188 1.0 203 
189 1.0 75 
190 1.0 85 
191 1.0 116 
192 1.0 59 
193 1.0 84 
194 1.0 117 
195 1.0 14 
196 1.0 187 
197 1.0 19 
198 1.0 132 
199 1.0 84 
200 1.0 145 
201 1.0 80 
202 1.0 69 
203 1.0 77 
204 1.0 122 
205 1.0 96 
206 1.0 90 
207 1.0 41 
208 1.0 72 
209 1.0 51 
210 1.0 45 
211 1.0 70 
212 1.0 62 
213 1.0 37 
214 1.0 237 
215 1.0 79 
216 1.0 57 
217 1.0 146 
218 1.0 99 
219 1.0 54 
220 1.0 141 
221 1.0 29 
222 1.0 249 
223 1.0 160 
224 1.0 99 
225 1.0 71 
226 1.0 113 
227 1.0 152 
228 1.0 16 
229 1.0 39 
230 1.0 30 
231 1.0 52 
232 1.0 71 
233 1.0 231 
234 1.0 202 
235 1.0 174 
236 1.0 62 
237 1.0 132 
238 1.0 124 
239 1.0 122 
240 1.0 288 
241 1.0 39 
242 1.0 43 
243 1.0 205 
244 1.0 32 
245 1.0 110 
246 1.0 179 
247 1.0 105 
248 1.0 331 
249 1.0 166 
250 1.0 63 
251 1.0 37 
252 1.0 84 
253 1.0 136 
254 1.0 162 
255 1.0 123 
256 1.0 248 
257 1.0 29 
258 1.0 223 
259 1.0 35 
260 1.0 172 
261 1.0 178 
262 1.0 192 
263 1.0 116 
264 1.0 173 
265 1.0 359 
266 1.0 207 
267 1.0 298 
268 1.0 142 
269 1.0 150 
270 1.0 371 
271 1.0 252 
272 1.0 333 
273 1.0 204 
274 1.0 161 
275 1.0 223 
276 1.0 129 
277 1.0 108 
278 1.0 281 
279 1.0 182 
280 1.0 287 
281 1.0 192 
282 1.0 194 
283 1.0 203 
284 1.0 182 
285 1.0 312 
286 1.0 91 
287 1.0 86 
288 1.0 291 
289 1.0 164 
290 1.0 360 
291 1.0 186 
292 1.0 198 
293 1.0 390 
294 1.0 260 
295 1.0 314 
296 1.0 268 
297 1.0 262 
298 1.0 200 
299 1.0 133 
300 1.0 231 
301 1.0 186 
302 1.0 159 
303 1.0 325 
304 1.0 176 
305 1.0 149 
306 1.0 180 
307 1.0 223 
308 1.0 174 
309 1.0 500 
310 1.0 470 
311 1.0 106 
312 1.0 199 
313 1.0 288 
314 1.0 204 
315 1.0 253 
316 1.0 311 
317 1.0 500 
318 1.0 408 
319 1.0 190 
320 1.0 228 
321 1.0 307 
322 1.0 273 
323 1.0 386 
324 1.0 211 
325 1.0 200 
326 1.0 336 
327 1.0 223 
328 1.0 330 
329 1.0 448 
330 1.0 246 
331 1.0 242 
332 1.0 71 
333 1.0 343 
334 1.0 339 
335 1.0 221 
336 1.0 273 
337 1.0 452 
338 1.0 335 
339 1.0 252 
340 1.0 252 
341 1.0 173 
342 1.0 286 
343 1.0 474 
344 1.0 418 
345 1.0 98 
346 1.0 147 
347 1.0 32 
348 1.0 176 
349 1.0 260 
350 1.0 195 
351 1.0 186 
352 1.0 268 
353 1.0 265 
354 1.0 298 
355 1.0 218 
356 1.0 190 
357 1.0 314 
358 1.0 312 
359 1.0 286 
360 1.0 236 
361 1.0 25 
362 1.0 220 
363 1.0 210 
364 1.0 173 
365 1.0 280 
366 1.0 226 
367 1.0 401 
368 1.0 255 
369 1.0 237 
370 1.0 225 
371 1.0 206 
372 1.0 447 
373 1.0 252 
374 1.0 95 
375 1.0 212 
376 1.0 227 
377 1.0 243 
378 1.0 290 
379 1.0 194 
380 1.0 216 
381 1.0 170 
382 1.0 216 
383 1.0 211 
384 1.0 214 
385 1.0 263 
386 1.0 245 
387 1.0 262 
388 1.0 174 
389 1.0 309 
390 1.0 225 
391 1.0 158 
392 1.0 145 
393 1.0 500 
394 1.0 234 
395 1.0 344 
396 1.0 345 
397 1.0 238 
398 1.0 316 
399 1.0 270 
400 1.0 419 
401 1.0 363 
402 1.0 318 
403 1.0 262 
404 1.0 295 
405 1.0 246 
406 1.0 240 
407 1.0 140 
408 1.0 372 
409 1.0 361 
410 1.0 500 
411 1.0 150 
412 1.0 202 
413 1.0 246 
414 1.0 99 
415 1.0 319 
416 1.0 233 
417 1.0 276 
418 1.0 204 
419 1.0 238 
420 1.0 282 
421 1.0 289 
422 1.0 203 
423 1.0 239 
424 1.0 468 
425 1.0 211 
426 1.0 223 
427 1.0 145 
428 1.0 214 
429 1.0 195 
430 1.0 217 
431 1.0 264 
432 1.0 218 
433 1.0 260 
434 1.0 250 
435 1.0 276 
436 1.0 131 
437 1.0 197 
438 1.0 354 
439 1.0 362 
440 1.0 224 
441 1.0 416 
442 1.0 213 
443 1.0 202 
444 1.0 244 
445 1.0 310 
446 1.0 322 
447 1.0 416 
448 1.0 254 
449 1.0 288 
450 1.0 296 
451 1.0 287 
452 1.0 148 
453 1.0 241 
454 1.0 197 
455 1.0 411 
456 1.0 324 
457 1.0 225 
458 1.0 267 
459 1.0 289 
460 1.0 277 
461 1.0 153 
462 1.0 206 
463 1.0 259 
464 1.0 165 
465 1.0 249 
466 1.0 342 
467 1.0 319 
468 1.0 258 
469 1.0 206 
470 1.0 274 
471 1.0 316 
472 1.0 197 
473 1.0 341 
474 1.0 146 
475 1.0 428 
476 1.0 253 
477 1.0 449 
478 1.0 299 
479 1.0 241 
480 1.0 234 
481 1.0 318 
482 1.0 290 
483 1.0 330 
484 1.0 268 
485 1.0 500 
486 1.0 271 
487 1.0 115 
488 1.0 500 
489 1.0 317 
490 1.0 224 
491 1.0 330 
492 1.0 296 
493 1.0 183 
494 1.0 236 
495 1.0 272 
496 1.0 451 
497 1.0 285 
498 1.0 265 
499 1.0 306 
500 1.0 435 
501 1.0 187 
502 1.0 243 
503 1.0 245 
504 1.0 195 
505 1.0 233 
506 1.0 253 
507 1.0 239 
508 1.0 256 
509 1.0 500 
510 1.0 216 
511 1.0 270 
512 1.0 217 
513 1.0 222 
514 1.0 329 
515 1.0 245 
516 1.0 219 
517 1.0 101 
518 1.0 156 
519 1.0 144 
520 1.0 174 
521 1.0 147 
522 1.0 126 
523 1.0 256 
524 1.0 354 
525 1.0 206 
526 1.0 179 
527 1.0 197 
528 1.0 194 
529 1.0 148 
530 1.0 371 
531 1.0 358 
532 1.0 172 
533 1.0 231 
534 1.0 222 
535 1.0 194 
536 1.0 248 
537 1.0 235 
538 1.0 178 
539 1.0 209 
540 1.0 211 
541 1.0 147 
542 1.0 223 
543 1.0 280 
544 1.0 458 
545 1.0 500 
546 1.0 409 
547 1.0 500 
548 1.0 416 
549 1.0 252 
550 1.0 235 
551 1.0 96 
552 1.0 284 
553 1.0 145 
554 1.0 300 
555 1.0 441 
556 1.0 258 
557 1.0 244 
558 1.0 341 
559 1.0 215 
560 1.0 242 
561 1.0 266 
562 1.0 320 
563 1.0 440 
564 1.0 302 
565 1.0 206 
566 1.0 301 
567 1.0 276 
568 1.0 266 
569 1.0 211 
570 1.0 296 
571 1.0 115 
572 1.0 129 
573 1.0 124 
574 1.0 124 
575 1.0 195 
576 1.0 139 
577 1.0 147 
578 1.0 13 
579 1.0 119 
580 1.0 212 
581 1.0 169 
582 1.0 72 
583 1.0 91 
584 1.0 117 
585 1.0 220 
586 1.0 189 
587 1.0 146 
588 1.0 107 
589 1.0 158 
590 1.0 20 
591 1.0 97 
592 1.0 88 
593 1.0 24 
594 1.0 99 
595 1.0 201 
596 1.0 76 
597 1.0 23 
598 1.0 170 
599 1.0 139 
600 1.0 181 
601 1.0 381 
602 1.0 175 
603 1.0 166 
604 1.0 136 
605 1.0 134 
606 1.0 189 
607 1.0 249 
608 1.0 151 
609 1.0 184 
610 1.0 191 
611 1.0 136 
612 1.0 230 
613 1.0 13 
614 1.0 81 
615 1.0 101 
616 1.0 104 
617 1.0 70 
618 1.0 89 
619 1.0 76 
620 1.0 128 
621 1.0 98 
622 1.0 101 
623 1.0 110 
624 1.0 207 
625 1.0 108 
626 1.0 92 
627 1.0 102 
628 1.0 83 
629 1.0 98 
630 1.0 88 
631 1.0 16 
632 1.0 108 
633 1.0 196 
634 1.0 100 
635 1.0 283 
636 1.0 107 
637 1.0 135 
638 1.0 139 
639 1.0 256 
640 1.0 125 
641 1.0 114 
642 1.0 121 
643 1.0 118 
644 1.0 128 
645 1.0 99 
646 1.0 97 
647 1.0 105 
648 1.0 103 
649 1.0 121 
650 1.0 105 
651 1.0 109 
652 1.0 137 
653 1.0 194 
654 1.0 133 
655 1.0 114 
656 1.0 131 
657 1.0 113 
658 1.0 104 
659 1.0 101 
660 1.0 111 
661 1.0 128 
662 1.0 134 
663 1.0 130 
664 1.0 148 
665 1.0 142 
666 1.0 139 
667 1.0 152 
668 1.0 82 
669 1.0 500 
670 1.0 227 
671 1.0 192 
672 1.0 370 
673 1.0 240 
674 1.0 258 
675 1.0 261 
676 1.0 219 
677 1.0 204 
678 1.0 306 
679 1.0 182 
680 1.0 200 
681 1.0 192 
682 1.0 228 
683 1.0 164 
684 1.0 184 
685 1.0 188 
686 1.0 219 
687 1.0 182 
688 1.0 202 
689 1.0 163 
690 1.0 253 
691 1.0 293 
692 1.0 196 
693 1.0 229 
694 1.0 260 
695 1.0 193 
696 1.0 293 
697 1.0 431 
698 1.0 406 
699 1.0 205 
700 1.0 153 
701 1.0 127 
702 1.0 190 
703 1.0 182 
704 1.0 177 
705 1.0 152 
706 1.0 129 
707 1.0 146 
708 1.0 167 
709 1.0 165 
710 1.0 222 
711 1.0 193 
712 1.0 150 
713 1.0 189 
714 1.0 149 
715 1.0 180 
716 1.0 222 
717 1.0 160 
718 1.0 178 
719 1.0 341 
720 1.0 367 
721 1.0 161 
722 1.0 162 
723 1.0 111 
724 1.0 140 
725 1.0 218 
726 1.0 288 
727 1.0 292 
728 1.0 186 
729 1.0 133 
730 1.0 267 
731 1.0 150 
732 1.0 200 
733 1.0 199 
734 1.0 257 
735 1.0 171 
736 1.0 180 
737 1.0 184 
738 1.0 182 
739 1.0 120 
740 1.0 201 
741 1.0 220 
742 1.0 255 
743 1.0 266 
744 1.0 254 
745 1.0 286 
746 1.0 348 
747 1.0 55 
748 1.0 190 
749 1.0 310 
750 1.0 224 
751 1.0 500 
752 1.0 184 
753 1.0 283 
754 1.0 183 
755 1.0 224 
756 1.0 222 
757 1.0 155 
758 1.0 208 
759 1.0 199 
760 1.0 288 
761 1.0 199 
762 1.0 500 
763 1.0 211 
764 1.0 133 
765 1.0 355 
766 1.0 130 
767 1.0 217 
768 1.0 100 
769 1.0 161 
770 1.0 164 
771 1.0 287 
772 1.0 355 
773 1.0 304 
774 1.0 386 
775 1.0 500 
776 1.0 183 
777 1.0 500 
778 1.0 250 
779 1.0 243 
780 1.0 157 
781 1.0 164 
782 1.0 380 
783 1.0 18 
784 1.0 135 
785 1.0 158 
786 1.0 158 
787 1.0 172 
788 1.0 180 
789 1.0 139 
790 1.0 129 
791 1.0 291 
792 1.0 182 
793 1.0 168 
794 1.0 370 
795 1.0 500 
796 1.0 154 
797 1.0 157 
798 1.0 252 
799 1.0 221 
800 1.0 152 
801 1.0 183 
802 1.0 164 
803 1.0 202 
804 1.0 162 
805 1.0 329 
806 1.0 191 
807 1.0 185 
808 1.0 155 
809 1.0 161 
810 1.0 220 
811 1.0 185 
812 1.0 178 
813 1.0 168 
814 1.0 489 
815 1.0 197 
816 1.0 135 
817 1.0 500 
818 1.0 209 
819 1.0 194 
820 1.0 107 
821 1.0 104 
822 1.0 138 
823 1.0 54 
824 1.0 141 
825 1.0 145 
826 1.0 49 
827 1.0 117 
828 1.0 112 
829 1.0 187 
830 1.0 135 
831 1.0 86 
832 1.0 187 
833 1.0 150 
834 1.0 250 
835 1.0 120 
836 1.0 119 
837 1.0 124 
838 1.0 123 
839 1.0 118 
840 1.0 130 
841 1.0 73 
842 1.0 140 
843 1.0 132 
844 1.0 143 
845 1.0 149 
846 1.0 151 
847 1.0 140 
848 1.0 141 
849 1.0 500 
850 1.0 443 
851 1.0 164 
852 1.0 180 
853 1.0 144 
854 1.0 155 
855 1.0 148 
856 1.0 176 
857 1.0 170 
858 1.0 222 
859 1.0 192 
860 1.0 194 
861 1.0 201 
862 1.0 140 
863 1.0 201 
864 1.0 107 
865 1.0 204 
866 1.0 190 
867 1.0 154 
868 1.0 154 
869 1.0 166 
870 1.0 172 
871 1.0 350 
872 1.0 168 
873 1.0 200 
874 1.0 269 
875 1.0 175 
876 1.0 270 
877 1.0 186 
878 1.0 179 
879 1.0 156 
880 1.0 49 
881 1.0 150 
882 1.0 118 
883 1.0 183 
884 1.0 184 
885 1.0 172 
886 1.0 115 
887 1.0 107 
888 1.0 144 
889 1.0 172 
890 1.0 121 
891 1.0 194 
892 1.0 161 
893 1.0 157 
894 1.0 226 
895 1.0 150 
896 1.0 454 
897 1.0 244 
898 1.0 276 
899 1.0 203 
900 1.0 152 
901 1.0 57 
902 1.0 208 
903 1.0 470 
904 1.0 270 
905 1.0 181 
906 1.0 229 
907 1.0 195 
908 1.0 500 
909 1.0 338 
910 1.0 191 
911 1.0 262 
912 1.0 217 
913 1.0 270 
914 1.0 258 
915 1.0 243 
916 1.0 235 
917 1.0 213 
918 1.0 172 
919 1.0 241 
920 1.0 254 
921 1.0 230 
922 1.0 375 
923 1.0 446 
924 1.0 244 
925 1.0 238 
926 1.0 241 
927 1.0 204 
928 1.0 290 
929 1.0 285 
930 1.0 214 
931 1.0 179 
932 1.0 251 
933 1.0 174 
934 1.0 22 
935 1.0 362 
936 1.0 342 
937 1.0 466 
938 1.0 180 
939 1.0 23 
940 1.0 182 
941 1.0 210 
942 1.0 231 
943 1.0 453 
944 1.0 382 
945 1.0 452 
946 1.0 162 
947 1.0 239 
948 1.0 232 
949 1.0 269 
950 1.0 16 
951 1.0 445 
952 1.0 289 
953 1.0 236 
954 1.0 268 
955 1.0 232 
956 1.0 221 
957 1.0 224 
958 1.0 251 
959 1.0 109 
960 1.0 235 
961 1.0 500 
962 1.0 225 
963 1.0 232 
964 1.0 500 
965 1.0 240 
966 1.0 280 
967 1.0 333 
968 1.0 205 
969 1.0 269 
970 1.0 283 
971 1.0 287 
972 1.0 67 
973 1.0 280 
974 1.0 500 
975 1.0 184 
976 1.0 37 
977 1.0 488 
978 1.0 229 
979 1.0 359 
980 1.0 275 
981 1.0 252 
982 1.0 16 
983 1.0 154 
984 1.0 150 
985 1.0 177 
986 1.0 160 
987 1.0 167 
988 1.0 138 
989 1.0 138 
990 1.0 145 
991 1.0 153 
992 1.0 150 
993 1.0 155 
994 1.0 250 
995 1.0 134 
996 1.0 141 
997 1.0 143 
998 1.0 147 
999 1.0 500 
1000 1.0 100
