0 1.0 22 
1 1.0 19 
2 1.0 12 
3 1.0 16 
4 1.0 15 
5 1.0 10 
6 1.0 34 
7 1.0 12 
8 1.0 29 
9 1.0 20 
10 1.0 13 
11 1.0 27 
12 1.0 16 
13 1.0 11 
14 1.0 12 
15 1.0 22 
16 1.0 40 
17 1.0 27 
18 1.0 26 
19 1.0 30 
20 1.0 36 
21 1.0 14 
22 1.0 14 
23 1.0 17 
24 1.0 15 
25 1.0 8 
26 1.0 15 
27 1.0 18 
28 1.0 29 
29 1.0 15 
30 1.0 16 
31 1.0 27 
32 1.0 15 
33 1.0 26 
34 1.0 11 
35 1.0 20 
36 1.0 10 
37 1.0 21 
38 1.0 22 
39 1.0 14 
40 1.0 18 
41 1.0 25 
42 1.0 14 
43 1.0 23 
44 1.0 10 
45 1.0 14 
46 1.0 16 
47 1.0 14 
48 1.0 14 
49 1.0 11 
50 1.0 18 
51 1.0 11 
52 1.0 35 
53 1.0 9 
54 1.0 36 
55 1.0 13 
56 1.0 33 
57 1.0 17 
58 1.0 17 
59 1.0 23 
60 1.0 43 
61 1.0 37 
62 1.0 15 
63 1.0 20 
64 1.0 16 
65 1.0 17 
66 1.0 16 
67 1.0 13 
68 1.0 15 
69 1.0 34 
70 1.0 11 
71 1.0 9 
72 1.0 26 
73 1.0 19 
74 1.0 22 
75 1.0 22 
76 1.0 15 
77 1.0 33 
78 1.0 29 
79 1.0 21 
80 1.0 13 
81 1.0 17 
82 1.0 14 
83 1.0 24 
84 1.0 22 
85 1.0 16 
86 1.0 20 
87 1.0 33 
88 1.0 35 
89 1.0 34 
90 1.0 48 
91 1.0 44 
92 1.0 27 
93 1.0 24 
94 1.0 13 
95 1.0 13 
96 1.0 40 
97 1.0 30 
98 1.0 13 
99 1.0 60 
100 1.0 25 
101 1.0 28 
102 1.0 24 
103 1.0 82 
104 1.0 30 
105 1.0 18 
106 1.0 40 
107 1.0 126 
108 1.0 71 
109 1.0 38 
110 1.0 44 
111 1.0 64 
112 1.0 60 
113 1.0 49 
114 1.0 31 
115 1.0 21 
116 1.0 13 
117 1.0 44 
118 1.0 71 
119 1.0 39 
120 1.0 86 
121 1.0 30 
122 1.0 49 
123 1.0 72 
124 1.0 62 
125 1.0 53 
126 1.0 22 
127 1.0 48 
128 1.0 48 
129 1.0 35 
130 1.0 62 
131 1.0 76 
132 1.0 13 
133 1.0 62 
134 1.0 100 
135 1.0 22 
136 1.0 96 
137 1.0 36 
138 1.0 35 
139 1.0 24 
140 1.0 40 
141 1.0 33 
142 1.0 53 
143 1.0 33 
144 1.0 63 
145 1.0 36 
146 1.0 22 
147 1.0 83 
148 1.0 74 
149 1.0 79 
150 1.0 45 
151 1.0 74 
152 1.0 12 
153 1.0 55 
154 1.0 79 
155 1.0 44 
156 1.0 101 
157 1.0 97 
158 1.0 50 
159 1.0 96 
160 1.0 52 
161 1.0 61 
162 1.0 46 
163 1.0 41 
164 1.0 36 
165 1.0 78 
166 1.0 60 
167 1.0 101 
168 1.0 44 
169 1.0 20 
170 1.0 64 
171 1.0 75 
172 1.0 31 
173 1.0 80 
174 1.0 121 
175 1.0 59 
176 1.0 59 
177 1.0 108 
178 1.0 94 
179 1.0 36 
180 1.0 183 
181 1.0 47 
182 1.0 31 
183 1.0 59 
184 1.0 58 
185 1.0 51 
186 1.0 178 
187 1.0 114 
188 1.0 72 
189 1.0 72 
190 1.0 72 
191 1.0 178 
192 1.0 23 
193 1.0 35 
194 1.0 51 
195 1.0 83 
196 1.0 55 
197 1.0 74 
198 1.0 118 
199 1.0 90 
200 1.0 63 
201 1.0 31 
202 1.0 27 
203 1.0 76 
204 1.0 37 
205 1.0 135 
206 1.0 43 
207 1.0 105 
208 1.0 42 
209 1.0 114 
210 1.0 31 
211 1.0 126 
212 1.0 120 
213 1.0 212 
214 1.0 68 
215 1.0 42 
216 1.0 197 
217 1.0 115 
218 1.0 59 
219 1.0 95 
220 1.0 179 
221 1.0 126 
222 1.0 266 
223 1.0 89 
224 1.0 166 
225 1.0 44 
226 1.0 103 
227 1.0 106 
228 1.0 222 
229 1.0 156 
230 1.0 124 
231 1.0 134 
232 1.0 88 
233 1.0 32 
234 1.0 95 
235 1.0 93 
236 1.0 101 
237 1.0 151 
238 1.0 75 
239 1.0 47 
240 1.0 85 
241 1.0 141 
242 1.0 392 
243 1.0 209 
244 1.0 49 
245 1.0 279 
246 1.0 211 
247 1.0 96 
248 1.0 237 
249 1.0 197 
250 1.0 133 
251 1.0 163 
252 1.0 155 
253 1.0 177 
254 1.0 347 
255 1.0 169 
256 1.0 198 
257 1.0 222 
258 1.0 175 
259 1.0 153 
260 1.0 280 
261 1.0 217 
262 1.0 308 
263 1.0 381 
264 1.0 202 
265 1.0 398 
266 1.0 153 
267 1.0 207 
268 1.0 223 
269 1.0 190 
270 1.0 167 
271 1.0 144 
272 1.0 208 
273 1.0 109 
274 1.0 207 
275 1.0 317 
276 1.0 155 
277 1.0 179 
278 1.0 246 
279 1.0 218 
280 1.0 200 
281 1.0 220 
282 1.0 242 
283 1.0 243 
284 1.0 130 
285 1.0 221 
286 1.0 318 
287 1.0 123 
288 1.0 153 
289 1.0 120 
290 1.0 136 
291 1.0 133 
292 1.0 228 
293 1.0 14 
294 1.0 231 
295 1.0 187 
296 1.0 139 
297 1.0 271 
298 1.0 168 
299 1.0 161 
300 1.0 163 
301 1.0 155 
302 1.0 298 
303 1.0 180 
304 1.0 147 
305 1.0 500 
306 1.0 256 
307 1.0 233 
308 1.0 193 
309 1.0 39 
310 1.0 176 
311 1.0 283 
312 1.0 256 
313 1.0 144 
314 1.0 176 
315 1.0 216 
316 1.0 131 
317 1.0 131 
318 1.0 219 
319 1.0 500 
320 1.0 184 
321 1.0 288 
322 1.0 397 
323 1.0 197 
324 1.0 397 
325 1.0 298 
326 1.0 252 
327 1.0 164 
328 1.0 189 
329 1.0 239 
330 1.0 500 
331 1.0 390 
332 1.0 203 
333 1.0 213 
334 1.0 172 
335 1.0 219 
336 1.0 260 
337 1.0 140 
338 1.0 328 
339 1.0 373 
340 1.0 264 
341 1.0 266 
342 1.0 375 
343 1.0 316 
344 1.0 300 
345 1.0 98 
346 1.0 188 
347 1.0 329 
348 1.0 240 
349 1.0 158 
350 1.0 122 
351 1.0 282 
352 1.0 346 
353 1.0 64 
354 1.0 138 
355 1.0 150 
356 1.0 155 
357 1.0 252 
358 1.0 331 
359 1.0 177 
360 1.0 245 
361 1.0 283 
362 1.0 291 
363 1.0 500 
364 1.0 249 
365 1.0 293 
366 1.0 385 
367 1.0 284 
368 1.0 344 
369 1.0 201 
370 1.0 194 
371 1.0 128 
372 1.0 107 
373 1.0 378 
374 1.0 191 
375 1.0 373 
376 1.0 288 
377 1.0 170 
378 1.0 232 
379 1.0 229 
380 1.0 173 
381 1.0 500 
382 1.0 205 
383 1.0 204 
384 1.0 218 
385 1.0 131 
386 1.0 127 
387 1.0 177 
388 1.0 175 
389 1.0 303 
390 1.0 132 
391 1.0 203 
392 1.0 164 
393 1.0 500 
394 1.0 500 
395 1.0 500 
396 1.0 309 
397 1.0 413 
398 1.0 232 
399 1.0 343 
400 1.0 500 
401 1.0 177 
402 1.0 367 
403 1.0 500 
404 1.0 500 
405 1.0 259 
406 1.0 313 
407 1.0 320 
408 1.0 422 
409 1.0 342 
410 1.0 191 
411 1.0 261 
412 1.0 356 
413 1.0 208 
414 1.0 304 
415 1.0 458 
416 1.0 490 
417 1.0 500 
418 1.0 282 
419 1.0 261 
420 1.0 431 
421 1.0 444 
422 1.0 220 
423 1.0 388 
424 1.0 250 
425 1.0 297 
426 1.0 243 
427 1.0 471 
428 1.0 130 
429 1.0 356 
430 1.0 119 
431 1.0 182 
432 1.0 192 
433 1.0 161 
434 1.0 172 
435 1.0 236 
436 1.0 210 
437 1.0 468 
438 1.0 233 
439 1.0 333 
440 1.0 279 
441 1.0 211 
442 1.0 316 
443 1.0 119 
444 1.0 426 
445 1.0 171 
446 1.0 329 
447 1.0 445 
448 1.0 309 
449 1.0 59 
450 1.0 141 
451 1.0 158 
452 1.0 174 
453 1.0 329 
454 1.0 332 
455 1.0 422 
456 1.0 279 
457 1.0 230 
458 1.0 500 
459 1.0 500 
460 1.0 500 
461 1.0 500 
462 1.0 326 
463 1.0 342 
464 1.0 500 
465 1.0 285 
466 1.0 163 
467 1.0 324 
468 1.0 500 
469 1.0 227 
470 1.0 500 
471 1.0 214 
472 1.0 500 
473 1.0 468 
474 1.0 500 
475 1.0 500 
476 1.0 212 
477 1.0 262 
478 1.0 207 
479 1.0 500 
480 1.0 500 
481 1.0 323 
482 1.0 416 
483 1.0 258 
484 1.0 236 
485 1.0 265 
486 1.0 257 
487 1.0 356 
488 1.0 500 
489 1.0 187 
490 1.0 234 
491 1.0 230 
492 1.0 274 
493 1.0 389 
494 1.0 156 
495 1.0 226 
496 1.0 305 
497 1.0 265 
498 1.0 341 
499 1.0 244 
500 1.0 500 
501 1.0 95 
502 1.0 162 
503 1.0 255 
504 1.0 216 
505 1.0 244 
506 1.0 254 
507 1.0 384 
508 1.0 314 
509 1.0 288 
510 1.0 500 
511 1.0 172 
512 1.0 248 
513 1.0 342 
514 1.0 199 
515 1.0 87 
516 1.0 110 
517 1.0 217 
518 1.0 167 
519 1.0 180 
520 1.0 16 
521 1.0 317 
522 1.0 220 
523 1.0 178 
524 1.0 196 
525 1.0 262 
526 1.0 263 
527 1.0 210 
528 1.0 136 
529 1.0 222 
530 1.0 227 
531 1.0 229 
532 1.0 197 
533 1.0 186 
534 1.0 225 
535 1.0 225 
536 1.0 230 
537 1.0 339 
538 1.0 222 
539 1.0 410 
540 1.0 136 
541 1.0 277 
542 1.0 438 
543 1.0 212 
544 1.0 249 
545 1.0 269 
546 1.0 316 
547 1.0 356 
548 1.0 283 
549 1.0 204 
550 1.0 219 
551 1.0 266 
552 1.0 270 
553 1.0 240 
554 1.0 262 
555 1.0 265 
556 1.0 301 
557 1.0 186 
558 1.0 235 
559 1.0 347 
560 1.0 274 
561 1.0 250 
562 1.0 242 
563 1.0 176 
564 1.0 254 
565 1.0 149 
566 1.0 177 
567 1.0 215 
568 1.0 203 
569 1.0 443 
570 1.0 171 
571 1.0 197 
572 1.0 290 
573 1.0 241 
574 1.0 237 
575 1.0 184 
576 1.0 224 
577 1.0 357 
578 1.0 103 
579 1.0 204 
580 1.0 159 
581 1.0 171 
582 1.0 14 
583 1.0 19 
584 1.0 124 
585 1.0 110 
586 1.0 135 
587 1.0 122 
588 1.0 138 
589 1.0 108 
590 1.0 179 
591 1.0 232 
592 1.0 177 
593 1.0 272 
594 1.0 172 
595 1.0 197 
596 1.0 211 
597 1.0 93 
598 1.0 133 
599 1.0 139 
600 1.0 209 
601 1.0 147 
602 1.0 143 
603 1.0 206 
604 1.0 124 
605 1.0 111 
606 1.0 115 
607 1.0 110 
608 1.0 132 
609 1.0 112 
610 1.0 102 
611 1.0 113 
612 1.0 112 
613 1.0 104 
614 1.0 134 
615 1.0 38 
616 1.0 119 
617 1.0 107 
618 1.0 103 
619 1.0 101 
620 1.0 116 
621 1.0 112 
622 1.0 113 
623 1.0 108 
624 1.0 111 
625 1.0 102 
626 1.0 106 
627 1.0 142 
628 1.0 115 
629 1.0 124 
630 1.0 118 
631 1.0 120 
632 1.0 128 
633 1.0 155 
634 1.0 123 
635 1.0 151 
636 1.0 191 
637 1.0 162 
638 1.0 151 
639 1.0 283 
640 1.0 15 
641 1.0 18 
642 1.0 206 
643 1.0 136 
644 1.0 17 
645 1.0 191 
646 1.0 123 
647 1.0 153 
648 1.0 163 
649 1.0 238 
650 1.0 47 
651 1.0 61 
652 1.0 174 
653 1.0 114 
654 1.0 34 
655 1.0 500 
656 1.0 180 
657 1.0 55 
658 1.0 235 
659 1.0 81 
660 1.0 68 
661 1.0 44 
662 1.0 93 
663 1.0 48 
664 1.0 90 
665 1.0 80 
666 1.0 27 
667 1.0 105 
668 1.0 330 
669 1.0 162 
670 1.0 293 
671 1.0 168 
672 1.0 164 
673 1.0 187 
674 1.0 189 
675 1.0 371 
676 1.0 18 
677 1.0 122 
678 1.0 47 
679 1.0 118 
680 1.0 77 
681 1.0 83 
682 1.0 187 
683 1.0 27 
684 1.0 22 
685 1.0 54 
686 1.0 32 
687 1.0 68 
688 1.0 83 
689 1.0 81 
690 1.0 112 
691 1.0 87 
692 1.0 108 
693 1.0 190 
694 1.0 11 
695 1.0 116 
696 1.0 16 
697 1.0 474 
698 1.0 233 
699 1.0 213 
700 1.0 283 
701 1.0 32 
702 1.0 38 
703 1.0 147 
704 1.0 40 
705 1.0 20 
706 1.0 13 
707 1.0 8 
708 1.0 10 
709 1.0 12 
710 1.0 10 
711 1.0 10 
712 1.0 10 
713 1.0 10 
714 1.0 380 
715 1.0 100 
716 1.0 169 
717 1.0 35 
718 1.0 8 
719 1.0 15 
720 1.0 15 
721 1.0 62 
722 1.0 9 
723 1.0 194 
724 1.0 33 
725 1.0 52 
726 1.0 73 
727 1.0 119 
728 1.0 177 
729 1.0 85 
730 1.0 13 
731 1.0 18 
732 1.0 22 
733 1.0 58 
734 1.0 110 
735 1.0 320 
736 1.0 132 
737 1.0 23 
738 1.0 115 
739 1.0 263 
740 1.0 32 
741 1.0 101 
742 1.0 119 
743 1.0 98 
744 1.0 101 
745 1.0 114 
746 1.0 121 
747 1.0 109 
748 1.0 159 
749 1.0 146 
750 1.0 145 
751 1.0 144 
752 1.0 119 
753 1.0 146 
754 1.0 168 
755 1.0 108 
756 1.0 145 
757 1.0 257 
758 1.0 146 
759 1.0 108 
760 1.0 108 
761 1.0 500 
762 1.0 458 
763 1.0 265 
764 1.0 353 
765 1.0 194 
766 1.0 165 
767 1.0 192 
768 1.0 171 
769 1.0 105 
770 1.0 182 
771 1.0 146 
772 1.0 164 
773 1.0 146 
774 1.0 154 
775 1.0 238 
776 1.0 167 
777 1.0 23 
778 1.0 253 
779 1.0 325 
780 1.0 107 
781 1.0 135 
782 1.0 352 
783 1.0 121 
784 1.0 204 
785 1.0 179 
786 1.0 500 
787 1.0 305 
788 1.0 262 
789 1.0 356 
790 1.0 237 
791 1.0 401 
792 1.0 421 
793 1.0 318 
794 1.0 500 
795 1.0 18 
796 1.0 157 
797 1.0 418 
798 1.0 500 
799 1.0 117 
800 1.0 120 
801 1.0 171 
802 1.0 190 
803 1.0 343 
804 1.0 231 
805 1.0 25 
806 1.0 110 
807 1.0 143 
808 1.0 361 
809 1.0 500 
810 1.0 207 
811 1.0 460 
812 1.0 313 
813 1.0 168 
814 1.0 323 
815 1.0 129 
816 1.0 194 
817 1.0 102 
818 1.0 158 
819 1.0 122 
820 1.0 93 
821 1.0 13 
822 1.0 27 
823 1.0 85 
824 1.0 71 
825 1.0 356 
826 1.0 153 
827 1.0 171 
828 1.0 23 
829 1.0 135 
830 1.0 98 
831 1.0 119 
832 1.0 172 
833 1.0 176 
834 1.0 174 
835 1.0 194 
836 1.0 153 
837 1.0 160 
838 1.0 25 
839 1.0 500 
840 1.0 139 
841 1.0 147 
842 1.0 143 
843 1.0 13 
844 1.0 140 
845 1.0 217 
846 1.0 209 
847 1.0 159 
848 1.0 343 
849 1.0 500 
850 1.0 500 
851 1.0 500 
852 1.0 177 
853 1.0 166 
854 1.0 30 
855 1.0 17 
856 1.0 500 
857 1.0 500 
858 1.0 326 
859 1.0 228 
860 1.0 203 
861 1.0 172 
862 1.0 153 
863 1.0 500 
864 1.0 500 
865 1.0 416 
866 1.0 500 
867 1.0 199 
868 1.0 500 
869 1.0 357 
870 1.0 500 
871 1.0 420 
872 1.0 500 
873 1.0 287 
874 1.0 275 
875 1.0 186 
876 1.0 168 
877 1.0 273 
878 1.0 239 
879 1.0 118 
880 1.0 12 
881 1.0 500 
882 1.0 193 
883 1.0 209 
884 1.0 166 
885 1.0 250 
886 1.0 230 
887 1.0 169 
888 1.0 188 
889 1.0 500 
890 1.0 411 
891 1.0 500 
892 1.0 500 
893 1.0 500 
894 1.0 426 
895 1.0 290 
896 1.0 177 
897 1.0 226 
898 1.0 190 
899 1.0 339 
900 1.0 23 
901 1.0 166 
902 1.0 144 
903 1.0 126 
904 1.0 158 
905 1.0 165 
906 1.0 170 
907 1.0 206 
908 1.0 197 
909 1.0 121 
910 1.0 153 
911 1.0 180 
912 1.0 185 
913 1.0 183 
914 1.0 306 
915 1.0 180 
916 1.0 500 
917 1.0 241 
918 1.0 216 
919 1.0 192 
920 1.0 500 
921 1.0 200 
922 1.0 282 
923 1.0 177 
924 1.0 97 
925 1.0 240 
926 1.0 121 
927 1.0 146 
928 1.0 275 
929 1.0 164 
930 1.0 159 
931 1.0 218 
932 1.0 263 
933 1.0 500 
934 1.0 162 
935 1.0 392 
936 1.0 199 
937 1.0 179 
938 1.0 171 
939 1.0 180 
940 1.0 234 
941 1.0 306 
942 1.0 196 
943 1.0 282 
944 1.0 191 
945 1.0 36 
946 1.0 121 
947 1.0 104 
948 1.0 18 
949 1.0 134 
950 1.0 500 
951 1.0 500 
952 1.0 170 
953 1.0 129 
954 1.0 226 
955 1.0 184 
956 1.0 197 
957 1.0 172 
958 1.0 22 
959 1.0 296 
960 1.0 409 
961 1.0 281 
962 1.0 116 
963 1.0 133 
964 1.0 105 
965 1.0 500 
966 1.0 452 
967 1.0 462 
968 1.0 137 
969 1.0 126 
970 1.0 144 
971 1.0 52 
972 1.0 500 
973 1.0 500 
974 1.0 121 
975 1.0 121 
976 1.0 500 
977 1.0 110 
978 1.0 107 
979 1.0 128 
980 1.0 117 
981 1.0 500 
982 1.0 426 
983 1.0 500 
984 1.0 490 
985 1.0 386 
986 1.0 500 
987 1.0 121 
988 1.0 500 
989 1.0 500 
990 1.0 263 
991 1.0 131 
992 1.0 116 
993 1.0 125 
994 1.0 131 
995 1.0 500 
996 1.0 122 
997 1.0 500 
998 1.0 139 
999 1.0 145
1000 1.0 100
