0 1.0 11 
1 1.0 12 
2 1.0 31 
3 1.0 34 
4 1.0 17 
5 1.0 28 
6 1.0 11 
7 1.0 31 
8 1.0 15 
9 1.0 18 
10 1.0 38 
11 1.0 20 
12 1.0 23 
13 1.0 10 
14 1.0 14 
15 1.0 13 
16 1.0 14 
17 1.0 38 
18 1.0 17 
19 1.0 31 
20 1.0 16 
21 1.0 45 
22 1.0 17 
23 1.0 21 
24 1.0 39 
25 1.0 30 
26 1.0 14 
27 1.0 12 
28 1.0 16 
29 1.0 10 
30 1.0 21 
31 1.0 19 
32 1.0 18 
33 1.0 28 
34 1.0 10 
35 1.0 17 
36 1.0 20 
37 1.0 15 
38 1.0 20 
39 1.0 13 
40 1.0 26 
41 1.0 19 
42 1.0 12 
43 1.0 13 
44 1.0 29 
45 1.0 18 
46 1.0 24 
47 1.0 11 
48 1.0 19 
49 1.0 22 
50 1.0 14 
51 1.0 14 
52 1.0 15 
53 1.0 13 
54 1.0 13 
55 1.0 18 
56 1.0 15 
57 1.0 9 
58 1.0 16 
59 1.0 10 
60 1.0 9 
61 1.0 16 
62 1.0 17 
63 1.0 10 
64 1.0 13 
65 1.0 13 
66 1.0 28 
67 1.0 10 
68 1.0 11 
69 1.0 13 
70 1.0 14 
71 1.0 13 
72 1.0 32 
73 1.0 19 
74 1.0 15 
75 1.0 10 
76 1.0 15 
77 1.0 20 
78 1.0 11 
79 1.0 10 
80 1.0 11 
81 1.0 17 
82 1.0 18 
83 1.0 10 
84 1.0 14 
85 1.0 19 
86 1.0 9 
87 1.0 14 
88 1.0 16 
89 1.0 17 
90 1.0 11 
91 1.0 13 
92 1.0 11 
93 1.0 14 
94 1.0 10 
95 1.0 12 
96 1.0 9 
97 1.0 54 
98 1.0 22 
99 1.0 11 
100 1.0 46 
101 1.0 22 
102 1.0 14 
103 1.0 15 
104 1.0 13 
105 1.0 22 
106 1.0 27 
107 1.0 12 
108 1.0 8 
109 1.0 9 
110 1.0 11 
111 1.0 24 
112 1.0 11 
113 1.0 12 
114 1.0 13 
115 1.0 16 
116 1.0 14 
117 1.0 14 
118 1.0 13 
119 1.0 16 
120 1.0 13 
121 1.0 18 
122 1.0 13 
123 1.0 10 
124 1.0 12 
125 1.0 26 
126 1.0 14 
127 1.0 12 
128 1.0 9 
129 1.0 19 
130 1.0 67 
131 1.0 45 
132 1.0 60 
133 1.0 65 
134 1.0 22 
135 1.0 52 
136 1.0 26 
137 1.0 100 
138 1.0 36 
139 1.0 25 
140 1.0 81 
141 1.0 19 
142 1.0 100 
143 1.0 131 
144 1.0 84 
145 1.0 103 
146 1.0 112 
147 1.0 77 
148 1.0 72 
149 1.0 19 
150 1.0 54 
151 1.0 65 
152 1.0 31 
153 1.0 149 
154 1.0 59 
155 1.0 62 
156 1.0 84 
157 1.0 112 
158 1.0 119 
159 1.0 48 
160 1.0 60 
161 1.0 20 
162 1.0 28 
163 1.0 22 
164 1.0 39 
165 1.0 37 
166 1.0 43 
167 1.0 57 
168 1.0 102 
169 1.0 42 
170 1.0 41 
171 1.0 29 
172 1.0 11 
173 1.0 82 
174 1.0 68 
175 1.0 25 
176 1.0 44 
177 1.0 147 
178 1.0 48 
179 1.0 123 
180 1.0 80 
181 1.0 78 
182 1.0 54 
183 1.0 74 
184 1.0 82 
185 1.0 57 
186 1.0 79 
187 1.0 95 
188 1.0 92 
189 1.0 83 
190 1.0 44 
191 1.0 9 
192 1.0 52 
193 1.0 36 
194 1.0 81 
195 1.0 83 
196 1.0 60 
197 1.0 64 
198 1.0 68 
199 1.0 69 
200 1.0 64 
201 1.0 68 
202 1.0 71 
203 1.0 79 
204 1.0 116 
205 1.0 77 
206 1.0 55 
207 1.0 56 
208 1.0 57 
209 1.0 74 
210 1.0 34 
211 1.0 30 
212 1.0 58 
213 1.0 51 
214 1.0 67 
215 1.0 58 
216 1.0 61 
217 1.0 45 
218 1.0 161 
219 1.0 93 
220 1.0 101 
221 1.0 77 
222 1.0 111 
223 1.0 87 
224 1.0 83 
225 1.0 102 
226 1.0 64 
227 1.0 190 
228 1.0 29 
229 1.0 65 
230 1.0 90 
231 1.0 141 
232 1.0 200 
233 1.0 45 
234 1.0 80 
235 1.0 92 
236 1.0 45 
237 1.0 67 
238 1.0 40 
239 1.0 98 
240 1.0 58 
241 1.0 20 
242 1.0 119 
243 1.0 43 
244 1.0 51 
245 1.0 26 
246 1.0 90 
247 1.0 112 
248 1.0 164 
249 1.0 220 
250 1.0 98 
251 1.0 190 
252 1.0 80 
253 1.0 43 
254 1.0 95 
255 1.0 61 
256 1.0 47 
257 1.0 70 
258 1.0 77 
259 1.0 76 
260 1.0 68 
261 1.0 132 
262 1.0 81 
263 1.0 41 
264 1.0 42 
265 1.0 32 
266 1.0 175 
267 1.0 53 
268 1.0 43 
269 1.0 69 
270 1.0 108 
271 1.0 85 
272 1.0 73 
273 1.0 59 
274 1.0 114 
275 1.0 110 
276 1.0 53 
277 1.0 20 
278 1.0 52 
279 1.0 17 
280 1.0 44 
281 1.0 206 
282 1.0 48 
283 1.0 97 
284 1.0 43 
285 1.0 49 
286 1.0 109 
287 1.0 61 
288 1.0 65 
289 1.0 63 
290 1.0 82 
291 1.0 93 
292 1.0 96 
293 1.0 26 
294 1.0 62 
295 1.0 100 
296 1.0 41 
297 1.0 99 
298 1.0 82 
299 1.0 39 
300 1.0 59 
301 1.0 86 
302 1.0 115 
303 1.0 175 
304 1.0 60 
305 1.0 144 
306 1.0 91 
307 1.0 103 
308 1.0 88 
309 1.0 66 
310 1.0 68 
311 1.0 66 
312 1.0 52 
313 1.0 87 
314 1.0 78 
315 1.0 49 
316 1.0 169 
317 1.0 92 
318 1.0 53 
319 1.0 100 
320 1.0 146 
321 1.0 82 
322 1.0 77 
323 1.0 122 
324 1.0 98 
325 1.0 59 
326 1.0 116 
327 1.0 153 
328 1.0 280 
329 1.0 70 
330 1.0 97 
331 1.0 59 
332 1.0 35 
333 1.0 92 
334 1.0 58 
335 1.0 26 
336 1.0 64 
337 1.0 109 
338 1.0 59 
339 1.0 31 
340 1.0 55 
341 1.0 96 
342 1.0 82 
343 1.0 22 
344 1.0 142 
345 1.0 237 
346 1.0 61 
347 1.0 33 
348 1.0 19 
349 1.0 239 
350 1.0 58 
351 1.0 35 
352 1.0 71 
353 1.0 50 
354 1.0 77 
355 1.0 133 
356 1.0 84 
357 1.0 62 
358 1.0 63 
359 1.0 60 
360 1.0 67 
361 1.0 51 
362 1.0 35 
363 1.0 59 
364 1.0 59 
365 1.0 40 
366 1.0 51 
367 1.0 22 
368 1.0 31 
369 1.0 15 
370 1.0 34 
371 1.0 28 
372 1.0 217 
373 1.0 42 
374 1.0 19 
375 1.0 40 
376 1.0 99 
377 1.0 48 
378 1.0 31 
379 1.0 74 
380 1.0 34 
381 1.0 27 
382 1.0 65 
383 1.0 30 
384 1.0 32 
385 1.0 73 
386 1.0 27 
387 1.0 29 
388 1.0 77 
389 1.0 151 
390 1.0 169 
391 1.0 30 
392 1.0 51 
393 1.0 92 
394 1.0 233 
395 1.0 79 
396 1.0 55 
397 1.0 71 
398 1.0 177 
399 1.0 103 
400 1.0 293 
401 1.0 419 
402 1.0 208 
403 1.0 233 
404 1.0 82 
405 1.0 57 
406 1.0 167 
407 1.0 63 
408 1.0 83 
409 1.0 74 
410 1.0 98 
411 1.0 277 
412 1.0 30 
413 1.0 234 
414 1.0 29 
415 1.0 89 
416 1.0 186 
417 1.0 159 
418 1.0 98 
419 1.0 313 
420 1.0 149 
421 1.0 143 
422 1.0 96 
423 1.0 130 
424 1.0 122 
425 1.0 125 
426 1.0 138 
427 1.0 94 
428 1.0 226 
429 1.0 94 
430 1.0 158 
431 1.0 122 
432 1.0 113 
433 1.0 117 
434 1.0 120 
435 1.0 95 
436 1.0 106 
437 1.0 24 
438 1.0 36 
439 1.0 48 
440 1.0 38 
441 1.0 93 
442 1.0 257 
443 1.0 227 
444 1.0 96 
445 1.0 51 
446 1.0 285 
447 1.0 81 
448 1.0 34 
449 1.0 80 
450 1.0 115 
451 1.0 266 
452 1.0 226 
453 1.0 143 
454 1.0 500 
455 1.0 500 
456 1.0 500 
457 1.0 311 
458 1.0 500 
459 1.0 165 
460 1.0 500 
461 1.0 441 
462 1.0 500 
463 1.0 500 
464 1.0 16 
465 1.0 207 
466 1.0 500 
467 1.0 394 
468 1.0 247 
469 1.0 105 
470 1.0 26 
471 1.0 257 
472 1.0 448 
473 1.0 500 
474 1.0 235 
475 1.0 319 
476 1.0 500 
477 1.0 49 
478 1.0 500 
479 1.0 500 
480 1.0 500 
481 1.0 399 
482 1.0 500 
483 1.0 500 
484 1.0 500 
485 1.0 500 
486 1.0 299 
487 1.0 140 
488 1.0 79 
489 1.0 125 
490 1.0 377 
491 1.0 500 
492 1.0 170 
493 1.0 192 
494 1.0 90 
495 1.0 53 
496 1.0 329 
497 1.0 148 
498 1.0 327 
499 1.0 221 
500 1.0 134 
501 1.0 197 
502 1.0 372 
503 1.0 32 
504 1.0 108 
505 1.0 500 
506 1.0 249 
507 1.0 197 
508 1.0 237 
509 1.0 229 
510 1.0 214 
511 1.0 318 
512 1.0 121 
513 1.0 500 
514 1.0 155 
515 1.0 352 
516 1.0 137 
517 1.0 227 
518 1.0 500 
519 1.0 107 
520 1.0 168 
521 1.0 161 
522 1.0 374 
523 1.0 217 
524 1.0 390 
525 1.0 390 
526 1.0 215 
527 1.0 365 
528 1.0 500 
529 1.0 250 
530 1.0 296 
531 1.0 177 
532 1.0 271 
533 1.0 171 
534 1.0 196 
535 1.0 337 
536 1.0 179 
537 1.0 500 
538 1.0 136 
539 1.0 101 
540 1.0 280 
541 1.0 165 
542 1.0 157 
543 1.0 470 
544 1.0 500 
545 1.0 156 
546 1.0 209 
547 1.0 172 
548 1.0 500 
549 1.0 126 
550 1.0 199 
551 1.0 500 
552 1.0 150 
553 1.0 263 
554 1.0 433 
555 1.0 169 
556 1.0 111 
557 1.0 340 
558 1.0 110 
559 1.0 138 
560 1.0 341 
561 1.0 81 
562 1.0 260 
563 1.0 122 
564 1.0 102 
565 1.0 264 
566 1.0 243 
567 1.0 112 
568 1.0 116 
569 1.0 124 
570 1.0 64 
571 1.0 20 
572 1.0 185 
573 1.0 173 
574 1.0 214 
575 1.0 170 
576 1.0 222 
577 1.0 244 
578 1.0 308 
579 1.0 235 
580 1.0 249 
581 1.0 163 
582 1.0 177 
583 1.0 218 
584 1.0 41 
585 1.0 401 
586 1.0 55 
587 1.0 154 
588 1.0 74 
589 1.0 407 
590 1.0 500 
591 1.0 500 
592 1.0 227 
593 1.0 209 
594 1.0 500 
595 1.0 128 
596 1.0 112 
597 1.0 500 
598 1.0 500 
599 1.0 500 
600 1.0 449 
601 1.0 107 
602 1.0 313 
603 1.0 500 
604 1.0 131 
605 1.0 145 
606 1.0 500 
607 1.0 500 
608 1.0 330 
609 1.0 250 
610 1.0 218 
611 1.0 226 
612 1.0 19 
613 1.0 500 
614 1.0 156 
615 1.0 448 
616 1.0 386 
617 1.0 23 
618 1.0 77 
619 1.0 151 
620 1.0 166 
621 1.0 218 
622 1.0 212 
623 1.0 278 
624 1.0 185 
625 1.0 282 
626 1.0 500 
627 1.0 183 
628 1.0 219 
629 1.0 211 
630 1.0 209 
631 1.0 187 
632 1.0 500 
633 1.0 379 
634 1.0 27 
635 1.0 102 
636 1.0 126 
637 1.0 173 
638 1.0 252 
639 1.0 500 
640 1.0 194 
641 1.0 409 
642 1.0 500 
643 1.0 116 
644 1.0 267 
645 1.0 50 
646 1.0 197 
647 1.0 302 
648 1.0 134 
649 1.0 251 
650 1.0 149 
651 1.0 173 
652 1.0 180 
653 1.0 242 
654 1.0 374 
655 1.0 308 
656 1.0 151 
657 1.0 110 
658 1.0 476 
659 1.0 119 
660 1.0 500 
661 1.0 136 
662 1.0 500 
663 1.0 304 
664 1.0 500 
665 1.0 203 
666 1.0 265 
667 1.0 154 
668 1.0 129 
669 1.0 446 
670 1.0 321 
671 1.0 339 
672 1.0 223 
673 1.0 247 
674 1.0 186 
675 1.0 474 
676 1.0 272 
677 1.0 48 
678 1.0 131 
679 1.0 433 
680 1.0 179 
681 1.0 356 
682 1.0 282 
683 1.0 319 
684 1.0 500 
685 1.0 500 
686 1.0 237 
687 1.0 368 
688 1.0 206 
689 1.0 184 
690 1.0 500 
691 1.0 251 
692 1.0 129 
693 1.0 28 
694 1.0 126 
695 1.0 32 
696 1.0 30 
697 1.0 90 
698 1.0 28 
699 1.0 46 
700 1.0 500 
701 1.0 285 
702 1.0 122 
703 1.0 112 
704 1.0 130 
705 1.0 123 
706 1.0 147 
707 1.0 129 
708 1.0 175 
709 1.0 415 
710 1.0 458 
711 1.0 265 
712 1.0 176 
713 1.0 329 
714 1.0 324 
715 1.0 353 
716 1.0 171 
717 1.0 241 
718 1.0 236 
719 1.0 154 
720 1.0 500 
721 1.0 240 
722 1.0 215 
723 1.0 191 
724 1.0 253 
725 1.0 384 
726 1.0 183 
727 1.0 411 
728 1.0 396 
729 1.0 211 
730 1.0 145 
731 1.0 186 
732 1.0 500 
733 1.0 137 
734 1.0 404 
735 1.0 200 
736 1.0 340 
737 1.0 142 
738 1.0 193 
739 1.0 500 
740 1.0 286 
741 1.0 27 
742 1.0 427 
743 1.0 332 
744 1.0 500 
745 1.0 298 
746 1.0 389 
747 1.0 500 
748 1.0 14 
749 1.0 83 
750 1.0 49 
751 1.0 114 
752 1.0 89 
753 1.0 74 
754 1.0 154 
755 1.0 126 
756 1.0 22 
757 1.0 11 
758 1.0 97 
759 1.0 120 
760 1.0 145 
761 1.0 12 
762 1.0 63 
763 1.0 56 
764 1.0 56 
765 1.0 117 
766 1.0 92 
767 1.0 159 
768 1.0 102 
769 1.0 123 
770 1.0 76 
771 1.0 170 
772 1.0 94 
773 1.0 294 
774 1.0 500 
775 1.0 225 
776 1.0 500 
777 1.0 31 
778 1.0 76 
779 1.0 449 
780 1.0 115 
781 1.0 177 
782 1.0 171 
783 1.0 136 
784 1.0 500 
785 1.0 146 
786 1.0 61 
787 1.0 139 
788 1.0 117 
789 1.0 452 
790 1.0 333 
791 1.0 484 
792 1.0 231 
793 1.0 312 
794 1.0 12 
795 1.0 94 
796 1.0 79 
797 1.0 253 
798 1.0 98 
799 1.0 101 
800 1.0 103 
801 1.0 13 
802 1.0 119 
803 1.0 50 
804 1.0 72 
805 1.0 263 
806 1.0 62 
807 1.0 105 
808 1.0 315 
809 1.0 94 
810 1.0 11 
811 1.0 25 
812 1.0 25 
813 1.0 67 
814 1.0 40 
815 1.0 32 
816 1.0 54 
817 1.0 31 
818 1.0 57 
819 1.0 63 
820 1.0 47 
821 1.0 54 
822 1.0 64 
823 1.0 33 
824 1.0 95 
825 1.0 109 
826 1.0 77 
827 1.0 143 
828 1.0 28 
829 1.0 81 
830 1.0 147 
831 1.0 107 
832 1.0 12 
833 1.0 55 
834 1.0 61 
835 1.0 94 
836 1.0 90 
837 1.0 110 
838 1.0 67 
839 1.0 49 
840 1.0 106 
841 1.0 93 
842 1.0 60 
843 1.0 495 
844 1.0 500 
845 1.0 26 
846 1.0 79 
847 1.0 10 
848 1.0 200 
849 1.0 65 
850 1.0 500 
851 1.0 388 
852 1.0 90 
853 1.0 114 
854 1.0 500 
855 1.0 500 
856 1.0 114 
857 1.0 221 
858 1.0 13 
859 1.0 68 
860 1.0 246 
861 1.0 108 
862 1.0 235 
863 1.0 277 
864 1.0 104 
865 1.0 500 
866 1.0 397 
867 1.0 500 
868 1.0 137 
869 1.0 205 
870 1.0 466 
871 1.0 27 
872 1.0 131 
873 1.0 197 
874 1.0 149 
875 1.0 96 
876 1.0 89 
877 1.0 19 
878 1.0 500 
879 1.0 500 
880 1.0 66 
881 1.0 51 
882 1.0 34 
883 1.0 12 
884 1.0 10 
885 1.0 18 
886 1.0 40 
887 1.0 20 
888 1.0 29 
889 1.0 23 
890 1.0 18 
891 1.0 30 
892 1.0 47 
893 1.0 36 
894 1.0 29 
895 1.0 29 
896 1.0 34 
897 1.0 66 
898 1.0 39 
899 1.0 58 
900 1.0 29 
901 1.0 63 
902 1.0 49 
903 1.0 59 
904 1.0 40 
905 1.0 55 
906 1.0 500 
907 1.0 69 
908 1.0 122 
909 1.0 9 
910 1.0 80 
911 1.0 500 
912 1.0 99 
913 1.0 11 
914 1.0 134 
915 1.0 64 
916 1.0 44 
917 1.0 64 
918 1.0 22 
919 1.0 46 
920 1.0 21 
921 1.0 9 
922 1.0 23 
923 1.0 43 
924 1.0 30 
925 1.0 29 
926 1.0 29 
927 1.0 27 
928 1.0 58 
929 1.0 28 
930 1.0 31 
931 1.0 27 
932 1.0 24 
933 1.0 29 
934 1.0 24 
935 1.0 18 
936 1.0 14 
937 1.0 19 
938 1.0 23 
939 1.0 50 
940 1.0 43 
941 1.0 38 
942 1.0 30 
943 1.0 29 
944 1.0 45 
945 1.0 38 
946 1.0 24 
947 1.0 37 
948 1.0 70 
949 1.0 54 
950 1.0 121 
951 1.0 12 
952 1.0 13 
953 1.0 282 
954 1.0 137 
955 1.0 141 
956 1.0 134 
957 1.0 15 
958 1.0 111 
959 1.0 84 
960 1.0 61 
961 1.0 15 
962 1.0 9 
963 1.0 92 
964 1.0 88 
965 1.0 154 
966 1.0 15 
967 1.0 92 
968 1.0 23 
969 1.0 68 
970 1.0 25 
971 1.0 18 
972 1.0 25 
973 1.0 51 
974 1.0 61 
975 1.0 33 
976 1.0 58 
977 1.0 79 
978 1.0 78 
979 1.0 67 
980 1.0 70 
981 1.0 89 
982 1.0 11 
983 1.0 9 
984 1.0 60 
985 1.0 119 
986 1.0 128 
987 1.0 50 
988 1.0 68 
989 1.0 85 
990 1.0 110 
991 1.0 112 
992 1.0 76 
993 1.0 56 
994 1.0 56 
995 1.0 51 
996 1.0 57 
997 1.0 47 
998 1.0 55 
999 1.0 55 
1000 1.0 20 
1001 1.0 65 
1002 1.0 72 
1003 1.0 16 
1004 1.0 88 
1005 1.0 26 
1006 1.0 69 
1007 1.0 97 
1008 1.0 69 
1009 1.0 128 
1010 1.0 18 
1011 1.0 10 
1012 1.0 166 
1013 1.0 423 
1014 1.0 40 
1015 1.0 367 
1016 1.0 52 
1017 1.0 13 
1018 1.0 500 
1019 1.0 56 
1020 1.0 109 
1021 1.0 110 
1022 1.0 11 
1023 1.0 9 
1024 1.0 13 
1025 1.0 82 
1026 1.0 8 
1027 1.0 26 
1028 1.0 21 
1029 1.0 17 
1030 1.0 9 
1031 1.0 9 
1032 1.0 10 
1033 1.0 9 
1034 1.0 9 
1035 1.0 10 
1036 1.0 10 
1037 1.0 174 
1038 1.0 81 
1039 1.0 108 
1040 1.0 79 
1041 1.0 84 
1042 1.0 500 
1043 1.0 109 
1044 1.0 17 
1045 1.0 48 
1046 1.0 128 
1047 1.0 272 
1048 1.0 158 
1049 1.0 205 
1050 1.0 140 
1051 1.0 112 
1052 1.0 109 
1053 1.0 387 
1054 1.0 500 
1055 1.0 116 
1056 1.0 107 
1057 1.0 109 
1058 1.0 22 
1059 1.0 114 
1060 1.0 96 
1061 1.0 96 
1062 1.0 9 
1063 1.0 106 
1064 1.0 20 
1065 1.0 73 
1066 1.0 20 
1067 1.0 242 
1068 1.0 12 
1069 1.0 97 
1070 1.0 500 
1071 1.0 176 
1072 1.0 175 
1073 1.0 24 
1074 1.0 24 
1075 1.0 131 
1076 1.0 118 
1077 1.0 131 
1078 1.0 83 
1079 1.0 12 
1080 1.0 73 
1081 1.0 87 
1082 1.0 115 
1083 1.0 140 
1084 1.0 98 
1085 1.0 129 
1086 1.0 125 
1087 1.0 103 
1088 1.0 152 
1089 1.0 500 
1090 1.0 490 
1091 1.0 500 
1092 1.0 78 
1093 1.0 94 
1094 1.0 199 
1095 1.0 158 
1096 1.0 130 
1097 1.0 343 
1098 1.0 23 
1099 1.0 500 
1100 1.0 139 
1101 1.0 203 
1102 1.0 20 
1103 1.0 204 
1104 1.0 163 
1105 1.0 500 
1106 1.0 500 
1107 1.0 500 
1108 1.0 500 
1109 1.0 111 
1110 1.0 168 
1111 1.0 420 
1112 1.0 118 
1113 1.0 259 
1114 1.0 200 
1115 1.0 432 
1116 1.0 227 
1117 1.0 105 
1118 1.0 116 
1119 1.0 231 
1120 1.0 25 
1121 1.0 19 
1122 1.0 205 
1123 1.0 23 
1124 1.0 183 
1125 1.0 500 
1126 1.0 244 
1127 1.0 500 
1128 1.0 500 
1129 1.0 446 
1130 1.0 298 
1131 1.0 270 
1132 1.0 490 
1133 1.0 113 
1134 1.0 500 
1135 1.0 87 
1136 1.0 363 
1137 1.0 88 
1138 1.0 254 
1139 1.0 92 
1140 1.0 369 
1141 1.0 287 
1142 1.0 500 
1143 1.0 500 
1144 1.0 500 
1145 1.0 24 
1146 1.0 148 
1147 1.0 500 
1148 1.0 334 
1149 1.0 333 
1150 1.0 350 
1151 1.0 352 
1152 1.0 291 
1153 1.0 234 
1154 1.0 186 
1155 1.0 215 
1156 1.0 277 
1157 1.0 87 
1158 1.0 335 
1159 1.0 467 
1160 1.0 382 
1161 1.0 362 
1162 1.0 246 
1163 1.0 328 
1164 1.0 500 
1165 1.0 338 
1166 1.0 329 
1167 1.0 328 
1168 1.0 300 
1169 1.0 345 
1170 1.0 236 
1171 1.0 500 
1172 1.0 455 
1173 1.0 500 
1174 1.0 500 
1175 1.0 415 
1176 1.0 500 
1177 1.0 287 
1178 1.0 400 
1179 1.0 319 
1180 1.0 500 
1181 1.0 434 
1182 1.0 460 
1183 1.0 500 
1184 1.0 289 
1185 1.0 484 
1186 1.0 429 
1187 1.0 372 
1188 1.0 298 
1189 1.0 15 
1190 1.0 146 
1191 1.0 419 
1192 1.0 500 
1193 1.0 271 
1194 1.0 297 
1195 1.0 456 
1196 1.0 157 
1197 1.0 126 
1198 1.0 452 
1199 1.0 203 
1200 1.0 500 
1201 1.0 500 
1202 1.0 500 
1203 1.0 395 
1204 1.0 500 
1205 1.0 500 
1206 1.0 500 
1207 1.0 500 
1208 1.0 500 
1209 1.0 500 
1210 1.0 500 
1211 1.0 247 
1212 1.0 11 
1213 1.0 183 
1214 1.0 301 
1215 1.0 391 
1216 1.0 370 
1217 1.0 261 
1218 1.0 228 
1219 1.0 292 
1220 1.0 271 
1221 1.0 229 
1222 1.0 231 
1223 1.0 271 
1224 1.0 266 
1225 1.0 18 
1226 1.0 174 
1227 1.0 176 
1228 1.0 216 
1229 1.0 221 
1230 1.0 170 
1231 1.0 270 
1232 1.0 227 
1233 1.0 266 
1234 1.0 292 
1235 1.0 231 
1236 1.0 27 
1237 1.0 202 
1238 1.0 171 
1239 1.0 157 
1240 1.0 226 
1241 1.0 180 
1242 1.0 209 
1243 1.0 182 
1244 1.0 186 
1245 1.0 233 
1246 1.0 231 
1247 1.0 206 
1248 1.0 241 
1249 1.0 250 
1250 1.0 14 
1251 1.0 245 
1252 1.0 187 
1253 1.0 185 
1254 1.0 224 
1255 1.0 11 
1256 1.0 400 
1257 1.0 375 
1258 1.0 329 
1259 1.0 321 
1260 1.0 206 
1261 1.0 500 
1262 1.0 256 
1263 1.0 118 
1264 1.0 500 
1265 1.0 8 
1266 1.0 11 
1267 1.0 150 
1268 1.0 500 
1269 1.0 200 
1270 1.0 399 
1271 1.0 500 
1272 1.0 500 
1273 1.0 500 
1274 1.0 500 
1275 1.0 500 
1276 1.0 500 
1277 1.0 500 
1278 1.0 264 
1279 1.0 258 
1280 1.0 500 
1281 1.0 500 
1282 1.0 469 
1283 1.0 23 
1284 1.0 149 
1285 1.0 500 
1286 1.0 108 
1287 1.0 20 
1288 1.0 24 
1289 1.0 20 
1290 1.0 23 
1291 1.0 12 
1292 1.0 97 
1293 1.0 15 
1294 1.0 17 
1295 1.0 16 
1296 1.0 13 
1297 1.0 87 
1298 1.0 90 
1299 1.0 91 
1300 1.0 17 
1301 1.0 99 
1302 1.0 113 
1303 1.0 133 
1304 1.0 152 
1305 1.0 123 
1306 1.0 137 
1307 1.0 130 
1308 1.0 25 
1309 1.0 102 
1310 1.0 16 
1311 1.0 183 
1312 1.0 219 
1313 1.0 500 
1314 1.0 223 
1315 1.0 212 
1316 1.0 244 
1317 1.0 266 
1318 1.0 241 
1319 1.0 279 
1320 1.0 429 
1321 1.0 221 
1322 1.0 303 
1323 1.0 259 
1324 1.0 337 
1325 1.0 263 
1326 1.0 240 
1327 1.0 12 
1328 1.0 137 
1329 1.0 288 
1330 1.0 500 
1331 1.0 201 
1332 1.0 19 
1333 1.0 106 
1334 1.0 259 
1335 1.0 203 
1336 1.0 157 
1337 1.0 114 
1338 1.0 137 
1339 1.0 116 
1340 1.0 136 
1341 1.0 116 
1342 1.0 197 
1343 1.0 500 
1344 1.0 131 
1345 1.0 201 
1346 1.0 186 
1347 1.0 120 
1348 1.0 140 
1349 1.0 165 
1350 1.0 95 
1351 1.0 162 
1352 1.0 478 
1353 1.0 344 
1354 1.0 500 
1355 1.0 500 
1356 1.0 186 
1357 1.0 494 
1358 1.0 198 
1359 1.0 209 
1360 1.0 300 
1361 1.0 468 
1362 1.0 192 
1363 1.0 298 
1364 1.0 209 
1365 1.0 442 
1366 1.0 271 
1367 1.0 500 
1368 1.0 64 
1369 1.0 405 
1370 1.0 348 
1371 1.0 174 
1372 1.0 228 
1373 1.0 246 
1374 1.0 500 
1375 1.0 224 
1376 1.0 23 
1377 1.0 165 
1378 1.0 185 
1379 1.0 186 
1380 1.0 14 
1381 1.0 339 
1382 1.0 222 
1383 1.0 139 
1384 1.0 232 
1385 1.0 163 
1386 1.0 128 
1387 1.0 84 
1388 1.0 137 
1389 1.0 240 
1390 1.0 165 
1391 1.0 143 
1392 1.0 154 
1393 1.0 165 
1394 1.0 500 
1395 1.0 31 
1396 1.0 237 
1397 1.0 116 
1398 1.0 129 
1399 1.0 17 
1400 1.0 17 
1401 1.0 36 
1402 1.0 104 
1403 1.0 27 
1404 1.0 13 
1405 1.0 10 
1406 1.0 10 
1407 1.0 16 
1408 1.0 118 
1409 1.0 23 
1410 1.0 12 
1411 1.0 33 
1412 1.0 103 
1413 1.0 100 
1414 1.0 100 
1415 1.0 122 
1416 1.0 132 
1417 1.0 117 
1418 1.0 108 
1419 1.0 143 
1420 1.0 118 
1421 1.0 203 
1422 1.0 98 
1423 1.0 44 
1424 1.0 25 
1425 1.0 33 
1426 1.0 25 
1427 1.0 97 
1428 1.0 35 
1429 1.0 99 
1430 1.0 35 
1431 1.0 96 
1432 1.0 28 
1433 1.0 27 
1434 1.0 101 
1435 1.0 118 
1436 1.0 125 
1437 1.0 103 
1438 1.0 110 
1439 1.0 20 
1440 1.0 154 
1441 1.0 189 
1442 1.0 262 
1443 1.0 92 
1444 1.0 389 
1445 1.0 187 
1446 1.0 249 
1447 1.0 261 
1448 1.0 126 
1449 1.0 184 
1450 1.0 192 
1451 1.0 168 
1452 1.0 500 
1453 1.0 141 
1454 1.0 204 
1455 1.0 150 
1456 1.0 500 
1457 1.0 315 
1458 1.0 149 
1459 1.0 379 
1460 1.0 112 
1461 1.0 223 
1462 1.0 172 
1463 1.0 153 
1464 1.0 157 
1465 1.0 153 
1466 1.0 223 
1467 1.0 500 
1468 1.0 418 
1469 1.0 500 
1470 1.0 500 
1471 1.0 500 
1472 1.0 500 
1473 1.0 500 
1474 1.0 500 
1475 1.0 500 
1476 1.0 16 
1477 1.0 142 
1478 1.0 73 
1479 1.0 500 
1480 1.0 500 
1481 1.0 500 
1482 1.0 500 
1483 1.0 313 
1484 1.0 163 
1485 1.0 500 
1486 1.0 500 
1487 1.0 341 
1488 1.0 35 
1489 1.0 443 
1490 1.0 16 
1491 1.0 17 
1492 1.0 171 
1493 1.0 396 
1494 1.0 114 
1495 1.0 500 
1496 1.0 500 
1497 1.0 188 
1498 1.0 500 
1499 1.0 500 
1500 1.0 500 
1501 1.0 500 
1502 1.0 500 
1503 1.0 500 
1504 1.0 500 
1505 1.0 500 
1506 1.0 442 
1507 1.0 500 
1508 1.0 500 
1509 1.0 500 
1510 1.0 500 
1511 1.0 500 
1512 1.0 500 
1513 1.0 500 
1514 1.0 500 
1515 1.0 500 
1516 1.0 500 
1517 1.0 500 
1518 1.0 500 
1519 1.0 500 
1520 1.0 500 
1521 1.0 20 
1522 1.0 500 
1523 1.0 500 
1524 1.0 500 
1525 1.0 500 
1526 1.0 500 
1527 1.0 500 
1528 1.0 500 
1529 1.0 500 
1530 1.0 500 
1531 1.0 255 
1532 1.0 297 
1533 1.0 161 
1534 1.0 270 
1535 1.0 500 
1536 1.0 500 
1537 1.0 500 
1538 1.0 412 
1539 1.0 438 
1540 1.0 500 
1541 1.0 500 
1542 1.0 500 
1543 1.0 98 
1544 1.0 158 
1545 1.0 290 
1546 1.0 500 
1547 1.0 360 
1548 1.0 500 
1549 1.0 500 
1550 1.0 500 
1551 1.0 500 
1552 1.0 467 
1553 1.0 500 
1554 1.0 500 
1555 1.0 500 
1556 1.0 500 
1557 1.0 500 
1558 1.0 500 
1559 1.0 500 
1560 1.0 500 
1561 1.0 500 
1562 1.0 500 
1563 1.0 500 
1564 1.0 448 
1565 1.0 500 
1566 1.0 500 
1567 1.0 500 
1568 1.0 500 
1569 1.0 500 
1570 1.0 447 
1571 1.0 500 
1572 1.0 500 
1573 1.0 500 
1574 1.0 500 
1575 1.0 10 
1576 1.0 401 
1577 1.0 173 
1578 1.0 237 
1579 1.0 257 
1580 1.0 10 
1581 1.0 309 
1582 1.0 312 
1583 1.0 215 
1584 1.0 297 
1585 1.0 428 
1586 1.0 187 
1587 1.0 500 
1588 1.0 202 
1589 1.0 11 
1590 1.0 114 
1591 1.0 500 
1592 1.0 242 
1593 1.0 500 
1594 1.0 500 
1595 1.0 181 
1596 1.0 500 
1597 1.0 500 
1598 1.0 500 
1599 1.0 181 
1600 1.0 500 
1601 1.0 500 
1602 1.0 500 
1603 1.0 500 
1604 1.0 180 
1605 1.0 24 
1606 1.0 17 
1607 1.0 14 
1608 1.0 16 
1609 1.0 115 
1610 1.0 9 
1611 1.0 125 
1612 1.0 126 
1613 1.0 133 
1614 1.0 500 
1615 1.0 124 
1616 1.0 500 
1617 1.0 500 
1618 1.0 500 
1619 1.0 366 
1620 1.0 500 
1621 1.0 432 
1622 1.0 202 
1623 1.0 256 
1624 1.0 246 
1625 1.0 203 
1626 1.0 258 
1627 1.0 166 
1628 1.0 187 
1629 1.0 237 
1630 1.0 212 
1631 1.0 241 
1632 1.0 177 
1633 1.0 238 
1634 1.0 221 
1635 1.0 16 
1636 1.0 195 
1637 1.0 132 
1638 1.0 156 
1639 1.0 153 
1640 1.0 149 
1641 1.0 119 
1642 1.0 152 
1643 1.0 145 
1644 1.0 24 
1645 1.0 146 
1646 1.0 500 
1647 1.0 250 
1648 1.0 500 
1649 1.0 229 
1650 1.0 411 
1651 1.0 500 
1652 1.0 500 
1653 1.0 500 
1654 1.0 500 
1655 1.0 500 
1656 1.0 500 
1657 1.0 500 
1658 1.0 500 
1659 1.0 500 
1660 1.0 500 
1661 1.0 500 
1662 1.0 403 
1663 1.0 500 
1664 1.0 340 
1665 1.0 500 
1666 1.0 500 
1667 1.0 500 
1668 1.0 12 
1669 1.0 100 
1670 1.0 301 
1671 1.0 128 
1672 1.0 121 
1673 1.0 223 
1674 1.0 500 
1675 1.0 500 
1676 1.0 500 
1677 1.0 387 
1678 1.0 500 
1679 1.0 361 
1680 1.0 229 
1681 1.0 210 
1682 1.0 291 
1683 1.0 304 
1684 1.0 256 
1685 1.0 229 
1686 1.0 10 
1687 1.0 500 
1688 1.0 500 
1689 1.0 500 
1690 1.0 500 
1691 1.0 10 
1692 1.0 500 
1693 1.0 500 
1694 1.0 500 
1695 1.0 500 
1696 1.0 149 
1697 1.0 8 
1698 1.0 18 
1699 1.0 201 
1700 1.0 153 
1701 1.0 468 
1702 1.0 207 
1703 1.0 169 
1704 1.0 261 
1705 1.0 292 
1706 1.0 344 
1707 1.0 379 
1708 1.0 186 
1709 1.0 464 
1710 1.0 379 
1711 1.0 500 
1712 1.0 500 
1713 1.0 500 
1714 1.0 500 
1715 1.0 429 
1716 1.0 500 
1717 1.0 500 
1718 1.0 500 
1719 1.0 500 
1720 1.0 500 
1721 1.0 500 
1722 1.0 500 
1723 1.0 500 
1724 1.0 500 
1725 1.0 500 
1726 1.0 500 
1727 1.0 500 
1728 1.0 500 
1729 1.0 500 
1730 1.0 500 
1731 1.0 500 
1732 1.0 500 
1733 1.0 500 
1734 1.0 500 
1735 1.0 500 
1736 1.0 500 
1737 1.0 500 
1738 1.0 500 
1739 1.0 500 
1740 1.0 500 
1741 1.0 27 
1742 1.0 142 
1743 1.0 500 
1744 1.0 132 
1745 1.0 163 
1746 1.0 500 
1747 1.0 189 
1748 1.0 500 
1749 1.0 500 
1750 1.0 12 
1751 1.0 108 
1752 1.0 200 
1753 1.0 138 
1754 1.0 164 
1755 1.0 146 
1756 1.0 165 
1757 1.0 172 
1758 1.0 141 
1759 1.0 140 
1760 1.0 133 
1761 1.0 133 
1762 1.0 179 
1763 1.0 219 
1764 1.0 149 
1765 1.0 10 
1766 1.0 10 
1767 1.0 12 
1768 1.0 25 
1769 1.0 14 
1770 1.0 16 
1771 1.0 92 
1772 1.0 99 
1773 1.0 102 
1774 1.0 108 
1775 1.0 107 
1776 1.0 117 
1777 1.0 132 
1778 1.0 132 
1779 1.0 156 
1780 1.0 10 
1781 1.0 35 
1782 1.0 20 
1783 1.0 83 
1784 1.0 78 
1785 1.0 70 
1786 1.0 9 
1787 1.0 148 
1788 1.0 316 
1789 1.0 481 
1790 1.0 330 
1791 1.0 136 
1792 1.0 305 
1793 1.0 425 
1794 1.0 14 
1795 1.0 227 
1796 1.0 118 
1797 1.0 25 
1798 1.0 295 
1799 1.0 159 
1800 1.0 232 
1801 1.0 125 
1802 1.0 137 
1803 1.0 156 
1804 1.0 138 
1805 1.0 166 
1806 1.0 136 
1807 1.0 126 
1808 1.0 130 
1809 1.0 119 
1810 1.0 131 
1811 1.0 133 
1812 1.0 54 
1813 1.0 106 
1814 1.0 105 
1815 1.0 393 
1816 1.0 106 
1817 1.0 127 
1818 1.0 110 
1819 1.0 167 
1820 1.0 82 
1821 1.0 104 
1822 1.0 114 
1823 1.0 40 
1824 1.0 115 
1825 1.0 97 
1826 1.0 147 
1827 1.0 111 
1828 1.0 95 
1829 1.0 103 
1830 1.0 96 
1831 1.0 101 
1832 1.0 34 
1833 1.0 109 
1834 1.0 116 
1835 1.0 17 
1836 1.0 27 
1837 1.0 40 
1838 1.0 35 
1839 1.0 25 
1840 1.0 26 
1841 1.0 25 
1842 1.0 35 
1843 1.0 26 
1844 1.0 32 
1845 1.0 27 
1846 1.0 23 
1847 1.0 29 
1848 1.0 28 
1849 1.0 26 
1850 1.0 32 
1851 1.0 20 
1852 1.0 70 
1853 1.0 64 
1854 1.0 147 
1855 1.0 63 
1856 1.0 178 
1857 1.0 164 
1858 1.0 122 
1859 1.0 125 
1860 1.0 113 
1861 1.0 118 
1862 1.0 100 
1863 1.0 119 
1864 1.0 102 
1865 1.0 125 
1866 1.0 11 
1867 1.0 108 
1868 1.0 168 
1869 1.0 10 
1870 1.0 137 
1871 1.0 135 
1872 1.0 65 
1873 1.0 180 
1874 1.0 111 
1875 1.0 349 
1876 1.0 153 
1877 1.0 113 
1878 1.0 138 
1879 1.0 13 
1880 1.0 286 
1881 1.0 143 
1882 1.0 9 
1883 1.0 132 
1884 1.0 118 
1885 1.0 112 
1886 1.0 151 
1887 1.0 121 
1888 1.0 126 
1889 1.0 111 
1890 1.0 113 
1891 1.0 117 
1892 1.0 129 
1893 1.0 123 
1894 1.0 12 
1895 1.0 98 
1896 1.0 97 
1897 1.0 93 
1898 1.0 102 
1899 1.0 19 
1900 1.0 10 
1901 1.0 171 
1902 1.0 65 
1903 1.0 18 
1904 1.0 101 
1905 1.0 133 
1906 1.0 187 
1907 1.0 165 
1908 1.0 196 
1909 1.0 93 
1910 1.0 276 
1911 1.0 85 
1912 1.0 113 
1913 1.0 152 
1914 1.0 154 
1915 1.0 144 
1916 1.0 228 
1917 1.0 224 
1918 1.0 13 
1919 1.0 11 
1920 1.0 17 
1921 1.0 12 
1922 1.0 14 
1923 1.0 14 
1924 1.0 109 
1925 1.0 11 
1926 1.0 500 
1927 1.0 20 
1928 1.0 12 
1929 1.0 12 
1930 1.0 12 
1931 1.0 13 
1932 1.0 10 
1933 1.0 14 
1934 1.0 16 
1935 1.0 13 
1936 1.0 16 
1937 1.0 18 
1938 1.0 14 
1939 1.0 106 
1940 1.0 11 
1941 1.0 10 
1942 1.0 21 
1943 1.0 120 
1944 1.0 161 
1945 1.0 10 
1946 1.0 147 
1947 1.0 12 
1948 1.0 11 
1949 1.0 9 
1950 1.0 9 
1951 1.0 11 
1952 1.0 11 
1953 1.0 12 
1954 1.0 11 
1955 1.0 9 
1956 1.0 127 
1957 1.0 132 
1958 1.0 12 
1959 1.0 13 
1960 1.0 219 
1961 1.0 371 
1962 1.0 56 
1963 1.0 39 
1964 1.0 35 
1965 1.0 9 
1966 1.0 10 
1967 1.0 67 
1968 1.0 51 
1969 1.0 28 
1970 1.0 8 
1971 1.0 98 
1972 1.0 101 
1973 1.0 32 
1974 1.0 13 
1975 1.0 11 
1976 1.0 9 
1977 1.0 9 
1978 1.0 11 
1979 1.0 16 
1980 1.0 11 
1981 1.0 11 
1982 1.0 12 
1983 1.0 12 
1984 1.0 16 
1985 1.0 15 
1986 1.0 21 
1987 1.0 16 
1988 1.0 9 
1989 1.0 20 
1990 1.0 9 
1991 1.0 10 
1992 1.0 117 
1993 1.0 444 
1994 1.0 193 
1995 1.0 12 
1996 1.0 18 
1997 1.0 171 
1998 1.0 171 
1999 1.0 132 
2000 1.0 129 
2001 1.0 121 
2002 1.0 159 
2003 1.0 199 
2004 1.0 192 
2005 1.0 500 
2006 1.0 151 
2007 1.0 111 
2008 1.0 107 
2009 1.0 10 
2010 1.0 151 
2011 1.0 17 
2012 1.0 10 
2013 1.0 9 
2014 1.0 11 
2015 1.0 10 
2016 1.0 10 
2017 1.0 10 
2018 1.0 9 
2019 1.0 128 
2020 1.0 111 
2021 1.0 13 
2022 1.0 12 
2023 1.0 26 
2024 1.0 73 
2025 1.0 102 
2026 1.0 148 
2027 1.0 86 
2028 1.0 105 
2029 1.0 16 
2030 1.0 365 
2031 1.0 167 
2032 1.0 128 
2033 1.0 198 
2034 1.0 200 
2035 1.0 85 
2036 1.0 134 
2037 1.0 141 
2038 1.0 20 
2039 1.0 20 
2040 1.0 97 
2041 1.0 146 
2042 1.0 11 
2043 1.0 8 
2044 1.0 10 
2045 1.0 10 
2046 1.0 9 
2047 1.0 9 
2048 1.0 10 
2049 1.0 9 
2050 1.0 10 
2051 1.0 9 
2052 1.0 11 
2053 1.0 8 
2054 1.0 11 
2055 1.0 10 
2056 1.0 9 
2057 1.0 10 
2058 1.0 8 
2059 1.0 9 
2060 1.0 11 
2061 1.0 8 
2062 1.0 9 
2063 1.0 354 
2064 1.0 10 
2065 1.0 10 
2066 1.0 92 
2067 1.0 13 
2068 1.0 81 
2069 1.0 364 
2070 1.0 36 
2071 1.0 122 
2072 1.0 113 
2073 1.0 186 
2074 1.0 89 
2075 1.0 88 
2076 1.0 121 
2077 1.0 104 
2078 1.0 109 
2079 1.0 102 
2080 1.0 106 
2081 1.0 109 
2082 1.0 171 
2083 1.0 66 
2084 1.0 18 
2085 1.0 470 
2086 1.0 220 
2087 1.0 241 
2088 1.0 142 
2089 1.0 200 
2090 1.0 199 
2091 1.0 147 
2092 1.0 128 
2093 1.0 163 
2094 1.0 500 
2095 1.0 30 
2096 1.0 120 
2097 1.0 96 
2098 1.0 142 
2099 1.0 100 
2100 1.0 107 
2101 1.0 117 
2102 1.0 107 
2103 1.0 112 
2104 1.0 104 
2105 1.0 112 
2106 1.0 104 
2107 1.0 131 
2108 1.0 30 
2109 1.0 19 
2110 1.0 500 
2111 1.0 410 
2112 1.0 278 
2113 1.0 209 
2114 1.0 114 
2115 1.0 115 
2116 1.0 500 
2117 1.0 152 
2118 1.0 133 
2119 1.0 143 
2120 1.0 129 
2121 1.0 136 
2122 1.0 500 
2123 1.0 117 
2124 1.0 96 
2125 1.0 101 
2126 1.0 17 
2127 1.0 19 
2128 1.0 28 
2129 1.0 99 
2130 1.0 107 
2131 1.0 106 
2132 1.0 115 
2133 1.0 113 
2134 1.0 127 
2135 1.0 139 
2136 1.0 216 
2137 1.0 111 
2138 1.0 140 
2139 1.0 100 
2140 1.0 318 
2141 1.0 500 
2142 1.0 95 
2143 1.0 98 
2144 1.0 500 
2145 1.0 32 
2146 1.0 140 
2147 1.0 361 
2148 1.0 174 
2149 1.0 239 
2150 1.0 220 
2151 1.0 197 
2152 1.0 149 
2153 1.0 122 
2154 1.0 101 
2155 1.0 104 
2156 1.0 21 
2157 1.0 100 
2158 1.0 123 
2159 1.0 143 
2160 1.0 160 
2161 1.0 110 
2162 1.0 27 
2163 1.0 166 
2164 1.0 123 
2165 1.0 131 
2166 1.0 136 
2167 1.0 500 
2168 1.0 108 
2169 1.0 500 
2170 1.0 500 
2171 1.0 500 
2172 1.0 297 
2173 1.0 89 
2174 1.0 92 
2175 1.0 330 
2176 1.0 500 
2177 1.0 500 
2178 1.0 122 
2179 1.0 500 
2180 1.0 500 
2181 1.0 500 
2182 1.0 500 
2183 1.0 500 
2184 1.0 500 
2185 1.0 500 
2186 1.0 500 
2187 1.0 500 
2188 1.0 500 
2189 1.0 500 
2190 1.0 500 
2191 1.0 24 
2192 1.0 500 
2193 1.0 500 
2194 1.0 500 
2195 1.0 500 
2196 1.0 500 
2197 1.0 500 
2198 1.0 500 
2199 1.0 500 
2200 1.0 500 
2201 1.0 500 
2202 1.0 500 
2203 1.0 500 
2204 1.0 500 
2205 1.0 500 
2206 1.0 500 
2207 1.0 26 
2208 1.0 102 
2209 1.0 119 
2210 1.0 124 
2211 1.0 24 
2212 1.0 500 
2213 1.0 500 
2214 1.0 500 
2215 1.0 154 
2216 1.0 154 
2217 1.0 147 
2218 1.0 500 
2219 1.0 225 
2220 1.0 191 
2221 1.0 500 
2222 1.0 245 
2223 1.0 500 
2224 1.0 347 
2225 1.0 500 
2226 1.0 324 
2227 1.0 500 
2228 1.0 500 
2229 1.0 399 
2230 1.0 500 
2231 1.0 500 
2232 1.0 500 
2233 1.0 500 
2234 1.0 500 
2235 1.0 500 
2236 1.0 372 
2237 1.0 500 
2238 1.0 376 
2239 1.0 253 
2240 1.0 500 
2241 1.0 131 
2242 1.0 309 
2243 1.0 157 
2244 1.0 500 
2245 1.0 155 
2246 1.0 500 
2247 1.0 184 
2248 1.0 121 
2249 1.0 169 
2250 1.0 180 
2251 1.0 137 
2252 1.0 285 
2253 1.0 136 
2254 1.0 328 
2255 1.0 181 
2256 1.0 172 
2257 1.0 500 
2258 1.0 154 
2259 1.0 168 
2260 1.0 244 
2261 1.0 364 
2262 1.0 240 
2263 1.0 355 
2264 1.0 276 
2265 1.0 500 
2266 1.0 500 
2267 1.0 500 
2268 1.0 500 
2269 1.0 202 
2270 1.0 76 
2271 1.0 161 
2272 1.0 500 
2273 1.0 275 
2274 1.0 237 
2275 1.0 244 
2276 1.0 20 
2277 1.0 144 
2278 1.0 173 
2279 1.0 142 
2280 1.0 204 
2281 1.0 137 
2282 1.0 134 
2283 1.0 153 
2284 1.0 180 
2285 1.0 156 
2286 1.0 176 
2287 1.0 167 
2288 1.0 164 
2289 1.0 153 
2290 1.0 159 
2291 1.0 236 
2292 1.0 168 
2293 1.0 465 
2294 1.0 147 
2295 1.0 142 
2296 1.0 164 
2297 1.0 177 
2298 1.0 232 
2299 1.0 425 
2300 1.0 161 
2301 1.0 228 
2302 1.0 226 
2303 1.0 191 
2304 1.0 187 
2305 1.0 161 
2306 1.0 220 
2307 1.0 209 
2308 1.0 158 
2309 1.0 142 
2310 1.0 242 
2311 1.0 98 
2312 1.0 152 
2313 1.0 110 
2314 1.0 500 
2315 1.0 28 
2316 1.0 500 
2317 1.0 34 
2318 1.0 500 
2319 1.0 500 
2320 1.0 500 
2321 1.0 500 
2322 1.0 500 
2323 1.0 500 
2324 1.0 500 
2325 1.0 500 
2326 1.0 500 
2327 1.0 500 
2328 1.0 500 
2329 1.0 420 
2330 1.0 500 
2331 1.0 500 
2332 1.0 470 
2333 1.0 203 
2334 1.0 500 
2335 1.0 279 
2336 1.0 207 
2337 1.0 229 
2338 1.0 260 
2339 1.0 271 
2340 1.0 436 
2341 1.0 221 
2342 1.0 237 
2343 1.0 220 
2344 1.0 203 
2345 1.0 500 
2346 1.0 238 
2347 1.0 15 
2348 1.0 184 
2349 1.0 173 
2350 1.0 188 
2351 1.0 180 
2352 1.0 166 
2353 1.0 157 
2354 1.0 202 
2355 1.0 211 
2356 1.0 180 
2357 1.0 198 
2358 1.0 135 
2359 1.0 212 
2360 1.0 329 
2361 1.0 23 
2362 1.0 168 
2363 1.0 148 
2364 1.0 159 
2365 1.0 127 
2366 1.0 144 
2367 1.0 173 
2368 1.0 210 
2369 1.0 142 
2370 1.0 178 
2371 1.0 194 
2372 1.0 159 
2373 1.0 189 
2374 1.0 169 
2375 1.0 186 
2376 1.0 461 
2377 1.0 228 
2378 1.0 246 
2379 1.0 185 
2380 1.0 23 
2381 1.0 186 
2382 1.0 338 
2383 1.0 248 
2384 1.0 348 
2385 1.0 407 
2386 1.0 222 
2387 1.0 326 
2388 1.0 500 
2389 1.0 120 
2390 1.0 141 
2391 1.0 308 
2392 1.0 306 
2393 1.0 142 
2394 1.0 258 
2395 1.0 234 
2396 1.0 331 
2397 1.0 248 
2398 1.0 255 
2399 1.0 246 
2400 1.0 179 
2401 1.0 252 
2402 1.0 248 
2403 1.0 500 
2404 1.0 388 
2405 1.0 258 
2406 1.0 235 
2407 1.0 457 
2408 1.0 288 
2409 1.0 500 
2410 1.0 271 
2411 1.0 265 
2412 1.0 337 
2413 1.0 199 
2414 1.0 184 
2415 1.0 293 
2416 1.0 428 
2417 1.0 426 
2418 1.0 195 
2419 1.0 420 
2420 1.0 300 
2421 1.0 220 
2422 1.0 170 
2423 1.0 235 
2424 1.0 223 
2425 1.0 494 
2426 1.0 403 
2427 1.0 428 
2428 1.0 254 
2429 1.0 219 
2430 1.0 8 
2431 1.0 266 
2432 1.0 236 
2433 1.0 167 
2434 1.0 179 
2435 1.0 227 
2436 1.0 166 
2437 1.0 225 
2438 1.0 452 
2439 1.0 500 
2440 1.0 107 
2441 1.0 169 
2442 1.0 207 
2443 1.0 13 
2444 1.0 367 
2445 1.0 390 
2446 1.0 12 
2447 1.0 500 
2448 1.0 500 
2449 1.0 500 
2450 1.0 500 
2451 1.0 500 
2452 1.0 500 
2453 1.0 500 
2454 1.0 17 
2455 1.0 500 
2456 1.0 500 
2457 1.0 500 
2458 1.0 500 
2459 1.0 500 
2460 1.0 500 
2461 1.0 10 
2462 1.0 187 
2463 1.0 274 
2464 1.0 223 
2465 1.0 254 
2466 1.0 289 
2467 1.0 295 
2468 1.0 216 
2469 1.0 163 
2470 1.0 12 
2471 1.0 385 
2472 1.0 264 
2473 1.0 275 
2474 1.0 500 
2475 1.0 413 
2476 1.0 500 
2477 1.0 326 
2478 1.0 500 
2479 1.0 11 
2480 1.0 500 
2481 1.0 500 
2482 1.0 500 
2483 1.0 500 
2484 1.0 500 
2485 1.0 500 
2486 1.0 500 
2487 1.0 500 
2488 1.0 500 
2489 1.0 500 
2490 1.0 500 
2491 1.0 500 
2492 1.0 500 
2493 1.0 500 
2494 1.0 399 
2495 1.0 500 
2496 1.0 500 
2497 1.0 500 
2498 1.0 500 
2499 1.0 500 
2500 1.0 500 
2501 1.0 500 
2502 1.0 500 
2503 1.0 500 
2504 1.0 500 
2505 1.0 460 
2506 1.0 354 
2507 1.0 500 
2508 1.0 500 
2509 1.0 500 
2510 1.0 500 
2511 1.0 500 
2512 1.0 500 
2513 1.0 405 
2514 1.0 294 
2515 1.0 500 
2516 1.0 11 
2517 1.0 175 
2518 1.0 500 
2519 1.0 500 
2520 1.0 500 
2521 1.0 500 
2522 1.0 500 
2523 1.0 500 
2524 1.0 12 
2525 1.0 500 
2526 1.0 500 
2527 1.0 500 
2528 1.0 500 
2529 1.0 500 
2530 1.0 156 
2531 1.0 16 
2532 1.0 500 
2533 1.0 500 
2534 1.0 500 
2535 1.0 500 
2536 1.0 500 
2537 1.0 500 
2538 1.0 14 
2539 1.0 500 
2540 1.0 500 
2541 1.0 500 
2542 1.0 500 
2543 1.0 500 
2544 1.0 500 
2545 1.0 500 
2546 1.0 500 
2547 1.0 500 
2548 1.0 500 
2549 1.0 19 
2550 1.0 500 
2551 1.0 327 
2552 1.0 500 
2553 1.0 500 
2554 1.0 500 
2555 1.0 500 
2556 1.0 500 
2557 1.0 9 
2558 1.0 500 
2559 1.0 500 
2560 1.0 500 
2561 1.0 500 
2562 1.0 500 
2563 1.0 500 
2564 1.0 500 
2565 1.0 500 
2566 1.0 500 
2567 1.0 500 
2568 1.0 500 
2569 1.0 500 
2570 1.0 376 
2571 1.0 378 
2572 1.0 288 
2573 1.0 289 
2574 1.0 270 
2575 1.0 357 
2576 1.0 352 
2577 1.0 267 
2578 1.0 201 
2579 1.0 270 
2580 1.0 239 
2581 1.0 246 
2582 1.0 325 
2583 1.0 256 
2584 1.0 276 
2585 1.0 272 
2586 1.0 265 
2587 1.0 247 
2588 1.0 342 
2589 1.0 382 
2590 1.0 251 
2591 1.0 234 
2592 1.0 289 
2593 1.0 321 
2594 1.0 233 
2595 1.0 197 
2596 1.0 316 
2597 1.0 153 
2598 1.0 129 
2599 1.0 158 
2600 1.0 14 
2601 1.0 287 
2602 1.0 326 
2603 1.0 362 
2604 1.0 303 
2605 1.0 229 
2606 1.0 477 
2607 1.0 500 
2608 1.0 500 
2609 1.0 500 
2610 1.0 461 
2611 1.0 500 
2612 1.0 500 
2613 1.0 13 
2614 1.0 126 
2615 1.0 213 
2616 1.0 11 
2617 1.0 12 
2618 1.0 11 
2619 1.0 12 
2620 1.0 12 
2621 1.0 134 
2622 1.0 9 
2623 1.0 160 
2624 1.0 9 
2625 1.0 124 
2626 1.0 197 
2627 1.0 213 
2628 1.0 253 
2629 1.0 12 
2630 1.0 210 
2631 1.0 500 
2632 1.0 500 
2633 1.0 500 
2634 1.0 500 
2635 1.0 500 
2636 1.0 500 
2637 1.0 359 
2638 1.0 500 
2639 1.0 500 
2640 1.0 500 
2641 1.0 386 
2642 1.0 387 
2643 1.0 500 
2644 1.0 500 
2645 1.0 500 
2646 1.0 500 
2647 1.0 342 
2648 1.0 346 
2649 1.0 353 
2650 1.0 112 
2651 1.0 500 
2652 1.0 218 
2653 1.0 171 
2654 1.0 209 
2655 1.0 199 
2656 1.0 238 
2657 1.0 178 
2658 1.0 173 
2659 1.0 230 
2660 1.0 169 
2661 1.0 208 
2662 1.0 181 
2663 1.0 112 
2664 1.0 500 
2665 1.0 240 
2666 1.0 183 
2667 1.0 279 
2668 1.0 275 
2669 1.0 14 
2670 1.0 13 
2671 1.0 11 
2672 1.0 11 
2673 1.0 10 
2674 1.0 10 
2675 1.0 12 
2676 1.0 12 
2677 1.0 12 
2678 1.0 12 
2679 1.0 10 
2680 1.0 14 
2681 1.0 11 
2682 1.0 13 
2683 1.0 13 
2684 1.0 11 
2685 1.0 11 
2686 1.0 12 
2687 1.0 13 
2688 1.0 14 
2689 1.0 14 
2690 1.0 16 
2691 1.0 20 
2692 1.0 22 
2693 1.0 106 
2694 1.0 142 
2695 1.0 108 
2696 1.0 111 
2697 1.0 27 
2698 1.0 500 
2699 1.0 15 
2700 1.0 21 
2701 1.0 19 
2702 1.0 25 
2703 1.0 111 
2704 1.0 284 
2705 1.0 102 
2706 1.0 500 
2707 1.0 19 
2708 1.0 9 
2709 1.0 10 
2710 1.0 8 
2711 1.0 24 
2712 1.0 114 
2713 1.0 500 
2714 1.0 9 
2715 1.0 10 
2716 1.0 11 
2717 1.0 10 
2718 1.0 8 
2719 1.0 8 
2720 1.0 13 
2721 1.0 316 
2722 1.0 252 
2723 1.0 390 
2724 1.0 365 
2725 1.0 467 
2726 1.0 300 
2727 1.0 384 
2728 1.0 406 
2729 1.0 270 
2730 1.0 491 
2731 1.0 304 
2732 1.0 500 
2733 1.0 373 
2734 1.0 500 
2735 1.0 248 
2736 1.0 294 
2737 1.0 500 
2738 1.0 500 
2739 1.0 500 
2740 1.0 405 
2741 1.0 500 
2742 1.0 332 
2743 1.0 393 
2744 1.0 10 
2745 1.0 500 
2746 1.0 323 
2747 1.0 371 
2748 1.0 229 
2749 1.0 282 
2750 1.0 205 
2751 1.0 253 
2752 1.0 203 
2753 1.0 412 
2754 1.0 252 
2755 1.0 12 
2756 1.0 201 
2757 1.0 500 
2758 1.0 500 
2759 1.0 500 
2760 1.0 13 
2761 1.0 263 
2762 1.0 25 
2763 1.0 500 
2764 1.0 500 
2765 1.0 500 
2766 1.0 500 
2767 1.0 344 
2768 1.0 500 
2769 1.0 500 
2770 1.0 382 
2771 1.0 500 
2772 1.0 500 
2773 1.0 500 
2774 1.0 16 
2775 1.0 208 
2776 1.0 500 
2777 1.0 500 
2778 1.0 420 
2779 1.0 500 
2780 1.0 500 
2781 1.0 500 
2782 1.0 500 
2783 1.0 500 
2784 1.0 500 
2785 1.0 443 
2786 1.0 484 
2787 1.0 9 
2788 1.0 162 
2789 1.0 255 
2790 1.0 201 
2791 1.0 20 
2792 1.0 107 
2793 1.0 498 
2794 1.0 500 
2795 1.0 500 
2796 1.0 500 
2797 1.0 500 
2798 1.0 500 
2799 1.0 362 
2800 1.0 412 
2801 1.0 500 
2802 1.0 500 
2803 1.0 15 
2804 1.0 127 
2805 1.0 205 
2806 1.0 201 
2807 1.0 244 
2808 1.0 10 
2809 1.0 227 
2810 1.0 124 
2811 1.0 140 
2812 1.0 107 
2813 1.0 333 
2814 1.0 500 
2815 1.0 500 
2816 1.0 368 
2817 1.0 500 
2818 1.0 474 
2819 1.0 331 
2820 1.0 310 
2821 1.0 305 
2822 1.0 367 
2823 1.0 352 
2824 1.0 419 
2825 1.0 500 
2826 1.0 438 
2827 1.0 495 
2828 1.0 321 
2829 1.0 358 
2830 1.0 336 
2831 1.0 320 
2832 1.0 249 
2833 1.0 500 
2834 1.0 264 
2835 1.0 293 
2836 1.0 342 
2837 1.0 304 
2838 1.0 336 
2839 1.0 315 
2840 1.0 210 
2841 1.0 324 
2842 1.0 328 
2843 1.0 214 
2844 1.0 203 
2845 1.0 315 
2846 1.0 99 
2847 1.0 176 
2848 1.0 183 
2849 1.0 181 
2850 1.0 18 
2851 1.0 18 
2852 1.0 187 
2853 1.0 158 
2854 1.0 176 
2855 1.0 186 
2856 1.0 217 
2857 1.0 247 
2858 1.0 250 
2859 1.0 299 
2860 1.0 269 
2861 1.0 222 
2862 1.0 276 
2863 1.0 282 
2864 1.0 307 
2865 1.0 223 
2866 1.0 236 
2867 1.0 306 
2868 1.0 386 
2869 1.0 251 
2870 1.0 230 
2871 1.0 272 
2872 1.0 255 
2873 1.0 274 
2874 1.0 217 
2875 1.0 238 
2876 1.0 277 
2877 1.0 296 
2878 1.0 250 
2879 1.0 10 
2880 1.0 500 
2881 1.0 108 
2882 1.0 349 
2883 1.0 210 
2884 1.0 237 
2885 1.0 500 
2886 1.0 330 
2887 1.0 500 
2888 1.0 500 
2889 1.0 395 
2890 1.0 500 
2891 1.0 371 
2892 1.0 470 
2893 1.0 111 
2894 1.0 372 
2895 1.0 225 
2896 1.0 456 
2897 1.0 17 
2898 1.0 107 
2899 1.0 174 
2900 1.0 117 
2901 1.0 126 
2902 1.0 130 
2903 1.0 128 
2904 1.0 124 
2905 1.0 111 
2906 1.0 112 
2907 1.0 121 
2908 1.0 130 
2909 1.0 128 
2910 1.0 133 
2911 1.0 105 
2912 1.0 105 
2913 1.0 99 
2914 1.0 13 
2915 1.0 155 
2916 1.0 388 
2917 1.0 176 
2918 1.0 199 
2919 1.0 152 
2920 1.0 200 
2921 1.0 213 
2922 1.0 171 
2923 1.0 184 
2924 1.0 131 
2925 1.0 120 
2926 1.0 140 
2927 1.0 163 
2928 1.0 144 
2929 1.0 157 
2930 1.0 203 
2931 1.0 15 
2932 1.0 18 
2933 1.0 11 
2934 1.0 12 
2935 1.0 18 
2936 1.0 14 
2937 1.0 19 
2938 1.0 17 
2939 1.0 14 
2940 1.0 26 
2941 1.0 12 
2942 1.0 109 
2943 1.0 26 
2944 1.0 23 
2945 1.0 26 
2946 1.0 11 
2947 1.0 15 
2948 1.0 23 
2949 1.0 15 
2950 1.0 16 
2951 1.0 20 
2952 1.0 11 
2953 1.0 10 
2954 1.0 12 
2955 1.0 14 
2956 1.0 19 
2957 1.0 13 
2958 1.0 10 
2959 1.0 11 
2960 1.0 12 
2961 1.0 203 
2962 1.0 12 
2963 1.0 9 
2964 1.0 9 
2965 1.0 10 
2966 1.0 13 
2967 1.0 113 
2968 1.0 12 
2969 1.0 15 
2970 1.0 88 
2971 1.0 93 
2972 1.0 13 
2973 1.0 17 
2974 1.0 121 
2975 1.0 95 
2976 1.0 91 
2977 1.0 78 
2978 1.0 90 
2979 1.0 96 
2980 1.0 395 
2981 1.0 87 
2982 1.0 10 
2983 1.0 10 
2984 1.0 11 
2985 1.0 10 
2986 1.0 8 
2987 1.0 9 
2988 1.0 9 
2989 1.0 106 
2990 1.0 9 
2991 1.0 174 
2992 1.0 209 
2993 1.0 395 
2994 1.0 500 
2995 1.0 321 
2996 1.0 15 
2997 1.0 186 
2998 1.0 186 
2999 1.0 29 
3000 1.0 165 
3001 1.0 500 
3002 1.0 500 
3003 1.0 161 
3004 1.0 171 
3005 1.0 251 
3006 1.0 199 
3007 1.0 133 
3008 1.0 10 
3009 1.0 76 
3010 1.0 139 
3011 1.0 127 
3012 1.0 158 
3013 1.0 126 
3014 1.0 258 
3015 1.0 182 
3016 1.0 11 
3017 1.0 128 
3018 1.0 484 
3019 1.0 186 
3020 1.0 304 
3021 1.0 272 
3022 1.0 181 
3023 1.0 177 
3024 1.0 215 
3025 1.0 147 
3026 1.0 11 
3027 1.0 489 
3028 1.0 155 
3029 1.0 175 
3030 1.0 95 
3031 1.0 103 
3032 1.0 155 
3033 1.0 149 
3034 1.0 17 
3035 1.0 16 
3036 1.0 15 
3037 1.0 13 
3038 1.0 16 
3039 1.0 13 
3040 1.0 17 
3041 1.0 15 
3042 1.0 17 
3043 1.0 15 
3044 1.0 14 
3045 1.0 19 
3046 1.0 20 
3047 1.0 19 
3048 1.0 22 
3049 1.0 16 
3050 1.0 19 
3051 1.0 23 
3052 1.0 10 
3053 1.0 11 
3054 1.0 11 
3055 1.0 27 
3056 1.0 29 
3057 1.0 18 
3058 1.0 17 
3059 1.0 13 
3060 1.0 9 
3061 1.0 9 
3062 1.0 12 
3063 1.0 10 
3064 1.0 12 
3065 1.0 12 
3066 1.0 10 
3067 1.0 10 
3068 1.0 18 
3069 1.0 93 
3070 1.0 118 
3071 1.0 100 
3072 1.0 112 
3073 1.0 100 
3074 1.0 24 
3075 1.0 90 
3076 1.0 118 
3077 1.0 37 
3078 1.0 30 
3079 1.0 36 
3080 1.0 36 
3081 1.0 25 
3082 1.0 32 
3083 1.0 500 
3084 1.0 17 
3085 1.0 227 
3086 1.0 130 
3087 1.0 43 
3088 1.0 103 
3089 1.0 131 
3090 1.0 126 
3091 1.0 120 
3092 1.0 128 
3093 1.0 11 
3094 1.0 67 
3095 1.0 148 
3096 1.0 147 
3097 1.0 120 
3098 1.0 12 
3099 1.0 13 
3100 1.0 97 
3101 1.0 73 
3102 1.0 50 
3103 1.0 92 
3104 1.0 204 
3105 1.0 122 
3106 1.0 285 
3107 1.0 128 
3108 1.0 21 
3109 1.0 57 
3110 1.0 57 
3111 1.0 8 
3112 1.0 9 
3113 1.0 424 
3114 1.0 10 
3115 1.0 16 
3116 1.0 207 
3117 1.0 312 
3118 1.0 108 
3119 1.0 114 
3120 1.0 114 
3121 1.0 120 
3122 1.0 425 
3123 1.0 36 
3124 1.0 22 
3125 1.0 52 
3126 1.0 133 
3127 1.0 193 
3128 1.0 138 
3129 1.0 146 
3130 1.0 86 
3131 1.0 102 
3132 1.0 89 
3133 1.0 80 
3134 1.0 195 
3135 1.0 207 
3136 1.0 118 
3137 1.0 10 
3138 1.0 99 
3139 1.0 128 
3140 1.0 12 
3141 1.0 11 
3142 1.0 10 
3143 1.0 11 
3144 1.0 10 
3145 1.0 12 
3146 1.0 12 
3147 1.0 10 
3148 1.0 13 
3149 1.0 16 
3150 1.0 11 
3151 1.0 9 
3152 1.0 15 
3153 1.0 500 
3154 1.0 168 
3155 1.0 306 
3156 1.0 153 
3157 1.0 72 
3158 1.0 222 
3159 1.0 142 
3160 1.0 105 
3161 1.0 126 
3162 1.0 304 
3163 1.0 99 
3164 1.0 175 
3165 1.0 271 
3166 1.0 183 
3167 1.0 312 
3168 1.0 500 
3169 1.0 500 
3170 1.0 500 
3171 1.0 129 
3172 1.0 21 
3173 1.0 15 
3174 1.0 89 
3175 1.0 167 
3176 1.0 135 
3177 1.0 102 
3178 1.0 11 
3179 1.0 166 
3180 1.0 15 
3181 1.0 70 
3182 1.0 17 
3183 1.0 10 
3184 1.0 12 
3185 1.0 13 
3186 1.0 196 
3187 1.0 15 
3188 1.0 18 
3189 1.0 16 
3190 1.0 13 
3191 1.0 14 
3192 1.0 25 
3193 1.0 113 
3194 1.0 93 
3195 1.0 500 
3196 1.0 184 
3197 1.0 131 
3198 1.0 107 
3199 1.0 77 
3200 1.0 500 
3201 1.0 500 
3202 1.0 252 
3203 1.0 188 
3204 1.0 500 
3205 1.0 140 
3206 1.0 500 
3207 1.0 209 
3208 1.0 500 
3209 1.0 97 
3210 1.0 138 
3211 1.0 247 
3212 1.0 500 
3213 1.0 68 
3214 1.0 236 
3215 1.0 233 
3216 1.0 141 
3217 1.0 114 
3218 1.0 212 
3219 1.0 282 
3220 1.0 142 
3221 1.0 251 
3222 1.0 76 
3223 1.0 106 
3224 1.0 114 
3225 1.0 138 
3226 1.0 63 
3227 1.0 120 
3228 1.0 91 
3229 1.0 209 
3230 1.0 109 
3231 1.0 500 
3232 1.0 140 
3233 1.0 174 
3234 1.0 79 
3235 1.0 160 
3236 1.0 90 
3237 1.0 105 
3238 1.0 78 
3239 1.0 67 
3240 1.0 144 
3241 1.0 55 
3242 1.0 69 
3243 1.0 74 
3244 1.0 96 
3245 1.0 132 
3246 1.0 65 
3247 1.0 96 
3248 1.0 78 
3249 1.0 56 
3250 1.0 50 
3251 1.0 81 
3252 1.0 17 
3253 1.0 23 
3254 1.0 40 
3255 1.0 44 
3256 1.0 34 
3257 1.0 36 
3258 1.0 41 
3259 1.0 42 
3260 1.0 60 
3261 1.0 70 
3262 1.0 61 
3263 1.0 58 
3264 1.0 79 
3265 1.0 60 
3266 1.0 122 
3267 1.0 102 
3268 1.0 103 
3269 1.0 101 
3270 1.0 121 
3271 1.0 110 
3272 1.0 128 
3273 1.0 124 
3274 1.0 126 
3275 1.0 104 
3276 1.0 103 
3277 1.0 102 
3278 1.0 122 
3279 1.0 95 
3280 1.0 113 
3281 1.0 119 
3282 1.0 108 
3283 1.0 103 
3284 1.0 207 
3285 1.0 146 
3286 1.0 128 
3287 1.0 110 
3288 1.0 138 
3289 1.0 153 
3290 1.0 391 
3291 1.0 138 
3292 1.0 117 
3293 1.0 114 
3294 1.0 109 
3295 1.0 133 
3296 1.0 132 
3297 1.0 215 
3298 1.0 139 
3299 1.0 221 
3300 1.0 163 
3301 1.0 132 
3302 1.0 238 
3303 1.0 220 
3304 1.0 177 
3305 1.0 84 
3306 1.0 173 
3307 1.0 135 
3308 1.0 138 
3309 1.0 500 
3310 1.0 143 
3311 1.0 152 
3312 1.0 188 
3313 1.0 140 
3314 1.0 144 
3315 1.0 474 
3316 1.0 248 
3317 1.0 206 
3318 1.0 224 
3319 1.0 485 
3320 1.0 500 
3321 1.0 85 
3322 1.0 119 
3323 1.0 145 
3324 1.0 159 
3325 1.0 112 
3326 1.0 126 
3327 1.0 140 
3328 1.0 148 
3329 1.0 181 
3330 1.0 138 
3331 1.0 137 
3332 1.0 181 
3333 1.0 141 
3334 1.0 118 
3335 1.0 197 
3336 1.0 255 
3337 1.0 222 
3338 1.0 147 
3339 1.0 224 
3340 1.0 141 
3341 1.0 170 
3342 1.0 141 
3343 1.0 136 
3344 1.0 141 
3345 1.0 145 
3346 1.0 171 
3347 1.0 151 
3348 1.0 161 
3349 1.0 290 
3350 1.0 153 
3351 1.0 123 
3352 1.0 194 
3353 1.0 139 
3354 1.0 131 
3355 1.0 397 
3356 1.0 120 
3357 1.0 133 
3358 1.0 110 
3359 1.0 112 
3360 1.0 150 
3361 1.0 96 
3362 1.0 138 
3363 1.0 102 
3364 1.0 97 
3365 1.0 31 
3366 1.0 19 
3367 1.0 66 
3368 1.0 75 
3369 1.0 44 
3370 1.0 59 
3371 1.0 123 
3372 1.0 108 
3373 1.0 59 
3374 1.0 58 
3375 1.0 64 
3376 1.0 55 
3377 1.0 69 
3378 1.0 79 
3379 1.0 75 
3380 1.0 71 
3381 1.0 99 
3382 1.0 96 
3383 1.0 102 
3384 1.0 116 
3385 1.0 105 
3386 1.0 99 
3387 1.0 121 
3388 1.0 80 
3389 1.0 103 
3390 1.0 88 
3391 1.0 394 
3392 1.0 113 
3393 1.0 305 
3394 1.0 179 
3395 1.0 116 
3396 1.0 123 
3397 1.0 146 
3398 1.0 135 
3399 1.0 122 
3400 1.0 99 
3401 1.0 110 
3402 1.0 92 
3403 1.0 118 
3404 1.0 227 
3405 1.0 112 
3406 1.0 227 
3407 1.0 179 
3408 1.0 257 
3409 1.0 165 
3410 1.0 94 
3411 1.0 127 
3412 1.0 239 
3413 1.0 147 
3414 1.0 110 
3415 1.0 129 
3416 1.0 151 
3417 1.0 135 
3418 1.0 264 
3419 1.0 285 
3420 1.0 77 
3421 1.0 173 
3422 1.0 188 
3423 1.0 274 
3424 1.0 261 
3425 1.0 335 
3426 1.0 360 
3427 1.0 327 
3428 1.0 206 
3429 1.0 194 
3430 1.0 301 
3431 1.0 300 
3432 1.0 308 
3433 1.0 199 
3434 1.0 300 
3435 1.0 276 
3436 1.0 140 
3437 1.0 224 
3438 1.0 67 
3439 1.0 160 
3440 1.0 267 
3441 1.0 450 
3442 1.0 258 
3443 1.0 154 
3444 1.0 283 
3445 1.0 425 
3446 1.0 401 
3447 1.0 282 
3448 1.0 59 
3449 1.0 77 
3450 1.0 101 
3451 1.0 173 
3452 1.0 113 
3453 1.0 93 
3454 1.0 151 
3455 1.0 204 
3456 1.0 453 
3457 1.0 100 
3458 1.0 114 
3459 1.0 144 
3460 1.0 406 
3461 1.0 325 
3462 1.0 164 
3463 1.0 162 
3464 1.0 126 
3465 1.0 197 
3466 1.0 252 
3467 1.0 213 
3468 1.0 127 
3469 1.0 172 
3470 1.0 500 
3471 1.0 262 
3472 1.0 94 
3473 1.0 338 
3474 1.0 323 
3475 1.0 323 
3476 1.0 273 
3477 1.0 247 
3478 1.0 500 
3479 1.0 115 
3480 1.0 121 
3481 1.0 175 
3482 1.0 264 
3483 1.0 342 
3484 1.0 204 
3485 1.0 175 
3486 1.0 289 
3487 1.0 142 
3488 1.0 287 
3489 1.0 149 
3490 1.0 230 
3491 1.0 500 
3492 1.0 204 
3493 1.0 201 
3494 1.0 136 
3495 1.0 112 
3496 1.0 138 
3497 1.0 225 
3498 1.0 157 
3499 1.0 87 
3500 1.0 500 
3501 1.0 170 
3502 1.0 299 
3503 1.0 500 
3504 1.0 329 
3505 1.0 352 
3506 1.0 136 
3507 1.0 338 
3508 1.0 230 
3509 1.0 199 
3510 1.0 384 
3511 1.0 101 
3512 1.0 186 
3513 1.0 374 
3514 1.0 122 
3515 1.0 190 
3516 1.0 145 
3517 1.0 230 
3518 1.0 145 
3519 1.0 238 
3520 1.0 282 
3521 1.0 136 
3522 1.0 167 
3523 1.0 132 
3524 1.0 175 
3525 1.0 383 
3526 1.0 500 
3527 1.0 236 
3528 1.0 153 
3529 1.0 295 
3530 1.0 338 
3531 1.0 339 
3532 1.0 208 
3533 1.0 253 
3534 1.0 177 
3535 1.0 244 
3536 1.0 200 
3537 1.0 170 
3538 1.0 326 
3539 1.0 372 
3540 1.0 301 
3541 1.0 345 
3542 1.0 500 
3543 1.0 210 
3544 1.0 169 
3545 1.0 286 
3546 1.0 342 
3547 1.0 193 
3548 1.0 228 
3549 1.0 165 
3550 1.0 419 
3551 1.0 340 
3552 1.0 258 
3553 1.0 385 
3554 1.0 127 
3555 1.0 313 
3556 1.0 272 
3557 1.0 181 
3558 1.0 206 
3559 1.0 99 
3560 1.0 165 
3561 1.0 116 
3562 1.0 500 
3563 1.0 223 
3564 1.0 115 
3565 1.0 195 
3566 1.0 347 
3567 1.0 123 
3568 1.0 122 
3569 1.0 202 
3570 1.0 159 
3571 1.0 335 
3572 1.0 123 
3573 1.0 166 
3574 1.0 202 
3575 1.0 151 
3576 1.0 157 
3577 1.0 134 
3578 1.0 179 
3579 1.0 236 
3580 1.0 253 
3581 1.0 278 
3582 1.0 162 
3583 1.0 500 
3584 1.0 333 
3585 1.0 468 
3586 1.0 332 
3587 1.0 213 
3588 1.0 206 
3589 1.0 197 
3590 1.0 127 
3591 1.0 149 
3592 1.0 303 
3593 1.0 155 
3594 1.0 500 
3595 1.0 188 
3596 1.0 207 
3597 1.0 234 
3598 1.0 173 
3599 1.0 364 
3600 1.0 187 
3601 1.0 304 
3602 1.0 144 
3603 1.0 211 
3604 1.0 246 
3605 1.0 196 
3606 1.0 351 
3607 1.0 92 
3608 1.0 176 
3609 1.0 319 
3610 1.0 500 
3611 1.0 184 
3612 1.0 247 
3613 1.0 270 
3614 1.0 232 
3615 1.0 437 
3616 1.0 256 
3617 1.0 166 
3618 1.0 325 
3619 1.0 343 
3620 1.0 271 
3621 1.0 149 
3622 1.0 340 
3623 1.0 330 
3624 1.0 219 
3625 1.0 208 
3626 1.0 310 
3627 1.0 195 
3628 1.0 378 
3629 1.0 215 
3630 1.0 258 
3631 1.0 236 
3632 1.0 303 
3633 1.0 173 
3634 1.0 439 
3635 1.0 316 
3636 1.0 131 
3637 1.0 305 
3638 1.0 184 
3639 1.0 176 
3640 1.0 454 
3641 1.0 172 
3642 1.0 160 
3643 1.0 126 
3644 1.0 370 
3645 1.0 410 
3646 1.0 310 
3647 1.0 277 
3648 1.0 399 
3649 1.0 161 
3650 1.0 308 
3651 1.0 175 
3652 1.0 283 
3653 1.0 189 
3654 1.0 172 
3655 1.0 164 
3656 1.0 204 
3657 1.0 142 
3658 1.0 210 
3659 1.0 233 
3660 1.0 209 
3661 1.0 174 
3662 1.0 150 
3663 1.0 93 
3664 1.0 448 
3665 1.0 161 
3666 1.0 236 
3667 1.0 186 
3668 1.0 181 
3669 1.0 127 
3670 1.0 299 
3671 1.0 182 
3672 1.0 198 
3673 1.0 395 
3674 1.0 158 
3675 1.0 440 
3676 1.0 104 
3677 1.0 252 
3678 1.0 179 
3679 1.0 147 
3680 1.0 158 
3681 1.0 257 
3682 1.0 192 
3683 1.0 154 
3684 1.0 86 
3685 1.0 420 
3686 1.0 190 
3687 1.0 173 
3688 1.0 359 
3689 1.0 206 
3690 1.0 208 
3691 1.0 190 
3692 1.0 241 
3693 1.0 180 
3694 1.0 196 
3695 1.0 182 
3696 1.0 108 
3697 1.0 193 
3698 1.0 216 
3699 1.0 171 
3700 1.0 201 
3701 1.0 196 
3702 1.0 225 
3703 1.0 200 
3704 1.0 184 
3705 1.0 121 
3706 1.0 170 
3707 1.0 286 
3708 1.0 205 
3709 1.0 351 
3710 1.0 173 
3711 1.0 79 
3712 1.0 284 
3713 1.0 240 
3714 1.0 243 
3715 1.0 203 
3716 1.0 273 
3717 1.0 210 
3718 1.0 174 
3719 1.0 268 
3720 1.0 210 
3721 1.0 243 
3722 1.0 157 
3723 1.0 216 
3724 1.0 166 
3725 1.0 122 
3726 1.0 306 
3727 1.0 281 
3728 1.0 500 
3729 1.0 225 
3730 1.0 343 
3731 1.0 369 
3732 1.0 193 
3733 1.0 119 
3734 1.0 253 
3735 1.0 238 
3736 1.0 286 
3737 1.0 111 
3738 1.0 246 
3739 1.0 288 
3740 1.0 393 
3741 1.0 226 
3742 1.0 288 
3743 1.0 315 
3744 1.0 296 
3745 1.0 269 
3746 1.0 500 
3747 1.0 284 
3748 1.0 242 
3749 1.0 273 
3750 1.0 197 
3751 1.0 200 
3752 1.0 500 
3753 1.0 487 
3754 1.0 289 
3755 1.0 164 
3756 1.0 326 
3757 1.0 353 
3758 1.0 307 
3759 1.0 226 
3760 1.0 124 
3761 1.0 206 
3762 1.0 346 
3763 1.0 260 
3764 1.0 138 
3765 1.0 500 
3766 1.0 388 
3767 1.0 500 
3768 1.0 418 
3769 1.0 286 
3770 1.0 236 
3771 1.0 500 
3772 1.0 397 
3773 1.0 500 
3774 1.0 208 
3775 1.0 212 
3776 1.0 19 
3777 1.0 174 
3778 1.0 149 
3779 1.0 230 
3780 1.0 111 
3781 1.0 134 
3782 1.0 192 
3783 1.0 151 
3784 1.0 171 
3785 1.0 209 
3786 1.0 156 
3787 1.0 159 
3788 1.0 205 
3789 1.0 190 
3790 1.0 222 
3791 1.0 247 
3792 1.0 218 
3793 1.0 219 
3794 1.0 215 
3795 1.0 225 
3796 1.0 296 
3797 1.0 488 
3798 1.0 500 
3799 1.0 367 
3800 1.0 296 
3801 1.0 473 
3802 1.0 290 
3803 1.0 500 
3804 1.0 277 
3805 1.0 107 
3806 1.0 242 
3807 1.0 244 
3808 1.0 193 
3809 1.0 460 
3810 1.0 242 
3811 1.0 237 
3812 1.0 84 
3813 1.0 218 
3814 1.0 253 
3815 1.0 359 
3816 1.0 331 
3817 1.0 297 
3818 1.0 439 
3819 1.0 500 
3820 1.0 223 
3821 1.0 479 
3822 1.0 263 
3823 1.0 261 
3824 1.0 475 
3825 1.0 357 
3826 1.0 233 
3827 1.0 447 
3828 1.0 410 
3829 1.0 256 
3830 1.0 238 
3831 1.0 286 
3832 1.0 198 
3833 1.0 176 
3834 1.0 187 
3835 1.0 164 
3836 1.0 164 
3837 1.0 365 
3838 1.0 350 
3839 1.0 288 
3840 1.0 378 
3841 1.0 278 
3842 1.0 467 
3843 1.0 305 
3844 1.0 500 
3845 1.0 11 
3846 1.0 85 
3847 1.0 500 
3848 1.0 465 
3849 1.0 78 
3850 1.0 436 
3851 1.0 200 
3852 1.0 144 
3853 1.0 172 
3854 1.0 262 
3855 1.0 88 
3856 1.0 163 
3857 1.0 256 
3858 1.0 500 
3859 1.0 283 
3860 1.0 144 
3861 1.0 500 
3862 1.0 500 
3863 1.0 208 
3864 1.0 276 
3865 1.0 307 
3866 1.0 500 
3867 1.0 500 
3868 1.0 335 
3869 1.0 329 
3870 1.0 88 
3871 1.0 500 
3872 1.0 500 
3873 1.0 296 
3874 1.0 370 
3875 1.0 414 
3876 1.0 500 
3877 1.0 71 
3878 1.0 80 
3879 1.0 500 
3880 1.0 18 
3881 1.0 258 
3882 1.0 152 
3883 1.0 154 
3884 1.0 500 
3885 1.0 180 
3886 1.0 338 
3887 1.0 240 
3888 1.0 250 
3889 1.0 406 
3890 1.0 500 
3891 1.0 48 
3892 1.0 105 
3893 1.0 186 
3894 1.0 150 
3895 1.0 132 
3896 1.0 148 
3897 1.0 148 
3898 1.0 56 
3899 1.0 116 
3900 1.0 201 
3901 1.0 145 
3902 1.0 470 
3903 1.0 108 
3904 1.0 363 
3905 1.0 416 
3906 1.0 273 
3907 1.0 500 
3908 1.0 418 
3909 1.0 35 
3910 1.0 82 
3911 1.0 351 
3912 1.0 161 
3913 1.0 210 
3914 1.0 413 
3915 1.0 500 
3916 1.0 500 
3917 1.0 500 
3918 1.0 18 
3919 1.0 107 
3920 1.0 83 
3921 1.0 183 
3922 1.0 133 
3923 1.0 161 
3924 1.0 131 
3925 1.0 170 
3926 1.0 166 
3927 1.0 139 
3928 1.0 165 
3929 1.0 80 
3930 1.0 289 
3931 1.0 174 
3932 1.0 85 
3933 1.0 244 
3934 1.0 17 
3935 1.0 147 
3936 1.0 122 
3937 1.0 116 
3938 1.0 19 
3939 1.0 174 
3940 1.0 108 
3941 1.0 17 
3942 1.0 500 
3943 1.0 104 
3944 1.0 15 
3945 1.0 14 
3946 1.0 17 
3947 1.0 13 
3948 1.0 14 
3949 1.0 9 
3950 1.0 36 
3951 1.0 500 
3952 1.0 223 
3953 1.0 221 
3954 1.0 36 
3955 1.0 500 
3956 1.0 100 
3957 1.0 500 
3958 1.0 500 
3959 1.0 27 
3960 1.0 14 
3961 1.0 30 
3962 1.0 73 
3963 1.0 88 
3964 1.0 500 
3965 1.0 368 
3966 1.0 500 
3967 1.0 500 
3968 1.0 261 
3969 1.0 81 
3970 1.0 236 
3971 1.0 94 
3972 1.0 500 
3973 1.0 277 
3974 1.0 126 
3975 1.0 500 
3976 1.0 331 
3977 1.0 189 
3978 1.0 500 
3979 1.0 403 
3980 1.0 269 
3981 1.0 500 
3982 1.0 314 
3983 1.0 500 
3984 1.0 298 
3985 1.0 44 
3986 1.0 123 
3987 1.0 222 
3988 1.0 187 
3989 1.0 198 
3990 1.0 191 
3991 1.0 189 
3992 1.0 190 
3993 1.0 173 
3994 1.0 186 
3995 1.0 228 
3996 1.0 226 
3997 1.0 152 
3998 1.0 178 
3999 1.0 171 
4000 1.0 21 
4001 1.0 500 
4002 1.0 269 
4003 1.0 263 
4004 1.0 246 
4005 1.0 210 
4006 1.0 267 
4007 1.0 237 
4008 1.0 239 
4009 1.0 194 
4010 1.0 209 
4011 1.0 185 
4012 1.0 75 
4013 1.0 500 
4014 1.0 223 
4015 1.0 238 
4016 1.0 500 
4017 1.0 18 
4018 1.0 96 
4019 1.0 117 
4020 1.0 115 
4021 1.0 105 
4022 1.0 92 
4023 1.0 119 
4024 1.0 108 
4025 1.0 107 
4026 1.0 105 
4027 1.0 87 
4028 1.0 114 
4029 1.0 75 
4030 1.0 116 
4031 1.0 102 
4032 1.0 112 
4033 1.0 15 
4034 1.0 118 
4035 1.0 11 
4036 1.0 9 
4037 1.0 10 
4038 1.0 9 
4039 1.0 10 
4040 1.0 9 
4041 1.0 10 
4042 1.0 10 
4043 1.0 12 
4044 1.0 10 
4045 1.0 9 
4046 1.0 10 
4047 1.0 9 
4048 1.0 11 
4049 1.0 15 
4050 1.0 67 
4051 1.0 17 
4052 1.0 9 
4053 1.0 62 
4054 1.0 207 
4055 1.0 209 
4056 1.0 215 
4057 1.0 167 
4058 1.0 153 
4059 1.0 184 
4060 1.0 193 
4061 1.0 158 
4062 1.0 172 
4063 1.0 174 
4064 1.0 14 
4065 1.0 106 
4066 1.0 153 
4067 1.0 112 
4068 1.0 132 
4069 1.0 93 
4070 1.0 136 
4071 1.0 125 
4072 1.0 102 
4073 1.0 15 
4074 1.0 18 
4075 1.0 14 
4076 1.0 15 
4077 1.0 19 
4078 1.0 19 
4079 1.0 24 
4080 1.0 15 
4081 1.0 183 
4082 1.0 29 
4083 1.0 104 
4084 1.0 99 
4085 1.0 97 
4086 1.0 104 
4087 1.0 22 
4088 1.0 102 
4089 1.0 20 
4090 1.0 240 
4091 1.0 22 
4092 1.0 10 
4093 1.0 10 
4094 1.0 12 
4095 1.0 9 
4096 1.0 9 
4097 1.0 11 
4098 1.0 10 
4099 1.0 9 
4100 1.0 11 
4101 1.0 8 
4102 1.0 10 
4103 1.0 9 
4104 1.0 10 
4105 1.0 10 
4106 1.0 9 
4107 1.0 11 
4108 1.0 10 
4109 1.0 8 
4110 1.0 9 
4111 1.0 9 
4112 1.0 18 
4113 1.0 160 
4114 1.0 219 
4115 1.0 215 
4116 1.0 214 
4117 1.0 226 
4118 1.0 16 
4119 1.0 178 
4120 1.0 203 
4121 1.0 154 
4122 1.0 307 
4123 1.0 124 
4124 1.0 169 
4125 1.0 160 
4126 1.0 130 
4127 1.0 160 
4128 1.0 206 
4129 1.0 500 
4130 1.0 195 
4131 1.0 181 
4132 1.0 500 
4133 1.0 152 
4134 1.0 125 
4135 1.0 223 
4136 1.0 500 
4137 1.0 418 
4138 1.0 165 
4139 1.0 111 
4140 1.0 19 
4141 1.0 493 
4142 1.0 159 
4143 1.0 125 
4144 1.0 13 
4145 1.0 133 
4146 1.0 217 
4147 1.0 171 
4148 1.0 193 
4149 1.0 175 
4150 1.0 143 
4151 1.0 149 
4152 1.0 173 
4153 1.0 284 
4154 1.0 202 
4155 1.0 168 
4156 1.0 368 
4157 1.0 298 
4158 1.0 18 
4159 1.0 111 
4160 1.0 500 
4161 1.0 500 
4162 1.0 500 
4163 1.0 382 
4164 1.0 500 
4165 1.0 176 
4166 1.0 173 
4167 1.0 134 
4168 1.0 159 
4169 1.0 119 
4170 1.0 500 
4171 1.0 254 
4172 1.0 185 
4173 1.0 235 
4174 1.0 161 
4175 1.0 148 
4176 1.0 290 
4177 1.0 500 
4178 1.0 500 
4179 1.0 494 
4180 1.0 130 
4181 1.0 327 
4182 1.0 216 
4183 1.0 500 
4184 1.0 253 
4185 1.0 134 
4186 1.0 432 
4187 1.0 182 
4188 1.0 98 
4189 1.0 152 
4190 1.0 146 
4191 1.0 500 
4192 1.0 500 
4193 1.0 370 
4194 1.0 500 
4195 1.0 345 
4196 1.0 353 
4197 1.0 278 
4198 1.0 500 
4199 1.0 229 
4200 1.0 267 
4201 1.0 331 
4202 1.0 474 
4203 1.0 500 
4204 1.0 255 
4205 1.0 284 
4206 1.0 198 
4207 1.0 302 
4208 1.0 500 
4209 1.0 500 
4210 1.0 374 
4211 1.0 373 
4212 1.0 500 
4213 1.0 115 
4214 1.0 500 
4215 1.0 364 
4216 1.0 500 
4217 1.0 129 
4218 1.0 210 
4219 1.0 164 
4220 1.0 500 
4221 1.0 500 
4222 1.0 156 
4223 1.0 170 
4224 1.0 243 
4225 1.0 500 
4226 1.0 477 
4227 1.0 266 
4228 1.0 500 
4229 1.0 364 
4230 1.0 500 
4231 1.0 143 
4232 1.0 500 
4233 1.0 500 
4234 1.0 500 
4235 1.0 500 
4236 1.0 500 
4237 1.0 325 
4238 1.0 255 
4239 1.0 500 
4240 1.0 500 
4241 1.0 136 
4242 1.0 500 
4243 1.0 500 
4244 1.0 500 
4245 1.0 500 
4246 1.0 388 
4247 1.0 500 
4248 1.0 500 
4249 1.0 500 
4250 1.0 129 
4251 1.0 500 
4252 1.0 500 
4253 1.0 500 
4254 1.0 500 
4255 1.0 500 
4256 1.0 500 
4257 1.0 500 
4258 1.0 500 
4259 1.0 500 
4260 1.0 500 
4261 1.0 500 
4262 1.0 500 
4263 1.0 500 
4264 1.0 500 
4265 1.0 500 
4266 1.0 101 
4267 1.0 500 
4268 1.0 500 
4269 1.0 500 
4270 1.0 500 
4271 1.0 206 
4272 1.0 402 
4273 1.0 500 
4274 1.0 500 
4275 1.0 500 
4276 1.0 500 
4277 1.0 449 
4278 1.0 472 
4279 1.0 334 
4280 1.0 22 
4281 1.0 13 
4282 1.0 144 
4283 1.0 500 
4284 1.0 484 
4285 1.0 380 
4286 1.0 500 
4287 1.0 343 
4288 1.0 402 
4289 1.0 500 
4290 1.0 105 
4291 1.0 126 
4292 1.0 500 
4293 1.0 500 
4294 1.0 500 
4295 1.0 500 
4296 1.0 500 
4297 1.0 500 
4298 1.0 500 
4299 1.0 336 
4300 1.0 500 
4301 1.0 500 
4302 1.0 500 
4303 1.0 500 
4304 1.0 500 
4305 1.0 500 
4306 1.0 500 
4307 1.0 500 
4308 1.0 500 
4309 1.0 360 
4310 1.0 500 
4311 1.0 500 
4312 1.0 500 
4313 1.0 282 
4314 1.0 500 
4315 1.0 137 
4316 1.0 171 
4317 1.0 500 
4318 1.0 500 
4319 1.0 500 
4320 1.0 235 
4321 1.0 500 
4322 1.0 500 
4323 1.0 500 
4324 1.0 17 
4325 1.0 203 
4326 1.0 481 
4327 1.0 500 
4328 1.0 296 
4329 1.0 406 
4330 1.0 362 
4331 1.0 318 
4332 1.0 301 
4333 1.0 195 
4334 1.0 285 
4335 1.0 500 
4336 1.0 383 
4337 1.0 185 
4338 1.0 350 
4339 1.0 356 
4340 1.0 118 
4341 1.0 110 
4342 1.0 130 
4343 1.0 328 
4344 1.0 332 
4345 1.0 167 
4346 1.0 413 
4347 1.0 500 
4348 1.0 159 
4349 1.0 219 
4350 1.0 500 
4351 1.0 194 
4352 1.0 229 
4353 1.0 216 
4354 1.0 203 
4355 1.0 182 
4356 1.0 357 
4357 1.0 196 
4358 1.0 233 
4359 1.0 291 
4360 1.0 156 
4361 1.0 127 
4362 1.0 11 
4363 1.0 145 
4364 1.0 159 
4365 1.0 217 
4366 1.0 194 
4367 1.0 241 
4368 1.0 323 
4369 1.0 236 
4370 1.0 500 
4371 1.0 500 
4372 1.0 500 
4373 1.0 500 
4374 1.0 472 
4375 1.0 500 
4376 1.0 500 
4377 1.0 500 
4378 1.0 500 
4379 1.0 500 
4380 1.0 365 
4381 1.0 500 
4382 1.0 279 
4383 1.0 282 
4384 1.0 500 
4385 1.0 500 
4386 1.0 96 
4387 1.0 500 
4388 1.0 500 
4389 1.0 500 
4390 1.0 500 
4391 1.0 500 
4392 1.0 27 
4393 1.0 188 
4394 1.0 118 
4395 1.0 113 
4396 1.0 103 
4397 1.0 107 
4398 1.0 111 
4399 1.0 118 
4400 1.0 132 
4401 1.0 116 
4402 1.0 131 
4403 1.0 129 
4404 1.0 176 
4405 1.0 159 
4406 1.0 223 
4407 1.0 203 
4408 1.0 221 
4409 1.0 208 
4410 1.0 217 
4411 1.0 267 
4412 1.0 254 
4413 1.0 224 
4414 1.0 235 
4415 1.0 500 
4416 1.0 286 
4417 1.0 217 
4418 1.0 500 
4419 1.0 118 
4420 1.0 500 
4421 1.0 500 
4422 1.0 500 
4423 1.0 500 
4424 1.0 346 
4425 1.0 103 
4426 1.0 500 
4427 1.0 500 
4428 1.0 500 
4429 1.0 400 
4430 1.0 488 
4431 1.0 500 
4432 1.0 490 
4433 1.0 340 
4434 1.0 23 
4435 1.0 500 
4436 1.0 282 
4437 1.0 426 
4438 1.0 421 
4439 1.0 500 
4440 1.0 266 
4441 1.0 338 
4442 1.0 150 
4443 1.0 500 
4444 1.0 500 
4445 1.0 500 
4446 1.0 500 
4447 1.0 500 
4448 1.0 500 
4449 1.0 500 
4450 1.0 500 
4451 1.0 350 
4452 1.0 158 
4453 1.0 167 
4454 1.0 179 
4455 1.0 161 
4456 1.0 500 
4457 1.0 149 
4458 1.0 146 
4459 1.0 279 
4460 1.0 154 
4461 1.0 238 
4462 1.0 500 
4463 1.0 500 
4464 1.0 284 
4465 1.0 242 
4466 1.0 250 
4467 1.0 148 
4468 1.0 186 
4469 1.0 334 
4470 1.0 234 
4471 1.0 185 
4472 1.0 195 
4473 1.0 500 
4474 1.0 226 
4475 1.0 123 
4476 1.0 23 
4477 1.0 132 
4478 1.0 500 
4479 1.0 500 
4480 1.0 184 
4481 1.0 188 
4482 1.0 179 
4483 1.0 187 
4484 1.0 169 
4485 1.0 194 
4486 1.0 155 
4487 1.0 152 
4488 1.0 163 
4489 1.0 144 
4490 1.0 169 
4491 1.0 151 
4492 1.0 174 
4493 1.0 150 
4494 1.0 166 
4495 1.0 31 
4496 1.0 122 
4497 1.0 239 
4498 1.0 500 
4499 1.0 375 
4500 1.0 500 
4501 1.0 500 
4502 1.0 500 
4503 1.0 500 
4504 1.0 500 
4505 1.0 500 
4506 1.0 500 
4507 1.0 500 
4508 1.0 108 
4509 1.0 500 
4510 1.0 500 
4511 1.0 500 
4512 1.0 500 
4513 1.0 120 
4514 1.0 185 
4515 1.0 220 
4516 1.0 422 
4517 1.0 220 
4518 1.0 103 
4519 1.0 500 
4520 1.0 500 
4521 1.0 455 
4522 1.0 500 
4523 1.0 280 
4524 1.0 275 
4525 1.0 500 
4526 1.0 500 
4527 1.0 500 
4528 1.0 317 
4529 1.0 500 
4530 1.0 500 
4531 1.0 342 
4532 1.0 133 
4533 1.0 308 
4534 1.0 500 
4535 1.0 393 
4536 1.0 267 
4537 1.0 500 
4538 1.0 500 
4539 1.0 500 
4540 1.0 500 
4541 1.0 500 
4542 1.0 500 
4543 1.0 300 
4544 1.0 500 
4545 1.0 157 
4546 1.0 298 
4547 1.0 452 
4548 1.0 262 
4549 1.0 500 
4550 1.0 159 
4551 1.0 136 
4552 1.0 137 
4553 1.0 171 
4554 1.0 168 
4555 1.0 167 
4556 1.0 223 
4557 1.0 183 
4558 1.0 223 
4559 1.0 500 
4560 1.0 380 
4561 1.0 500 
4562 1.0 155 
4563 1.0 425 
4564 1.0 152 
4565 1.0 196 
4566 1.0 156 
4567 1.0 291 
4568 1.0 166 
4569 1.0 208 
4570 1.0 313 
4571 1.0 500 
4572 1.0 247 
4573 1.0 10 
4574 1.0 148 
4575 1.0 130 
4576 1.0 146 
4577 1.0 150 
4578 1.0 154 
4579 1.0 160 
4580 1.0 234 
4581 1.0 163 
4582 1.0 21 
4583 1.0 111 
4584 1.0 500 
4585 1.0 500 
4586 1.0 198 
4587 1.0 123 
4588 1.0 177 
4589 1.0 143 
4590 1.0 195 
4591 1.0 500 
4592 1.0 500 
4593 1.0 408 
4594 1.0 119 
4595 1.0 160 
4596 1.0 133 
4597 1.0 116 
4598 1.0 330 
4599 1.0 283 
4600 1.0 212 
4601 1.0 229 
4602 1.0 302 
4603 1.0 318 
4604 1.0 154 
4605 1.0 196 
4606 1.0 185 
4607 1.0 179 
4608 1.0 172 
4609 1.0 162 
4610 1.0 145 
4611 1.0 216 
4612 1.0 202 
4613 1.0 138 
4614 1.0 184 
4615 1.0 225 
4616 1.0 100 
4617 1.0 282 
4618 1.0 30 
4619 1.0 235 
4620 1.0 500 
4621 1.0 500 
4622 1.0 158 
4623 1.0 500 
4624 1.0 500 
4625 1.0 16 
4626 1.0 115 
4627 1.0 500 
4628 1.0 500 
4629 1.0 500 
4630 1.0 213 
4631 1.0 239 
4632 1.0 500 
4633 1.0 350 
4634 1.0 222 
4635 1.0 169 
4636 1.0 22 
4637 1.0 122 
4638 1.0 500 
4639 1.0 484 
4640 1.0 406 
4641 1.0 422 
4642 1.0 348 
4643 1.0 233 
4644 1.0 243 
4645 1.0 336 
4646 1.0 217 
4647 1.0 275 
4648 1.0 201 
4649 1.0 270 
4650 1.0 275 
4651 1.0 237 
4652 1.0 252 
4653 1.0 11 
4654 1.0 464 
4655 1.0 192 
4656 1.0 500 
4657 1.0 500 
4658 1.0 442 
4659 1.0 148 
4660 1.0 207 
4661 1.0 500 
4662 1.0 500 
4663 1.0 500 
4664 1.0 246 
4665 1.0 500 
4666 1.0 500 
4667 1.0 500 
4668 1.0 464 
4669 1.0 14 
4670 1.0 146 
4671 1.0 500 
4672 1.0 500 
4673 1.0 500 
4674 1.0 355 
4675 1.0 500 
4676 1.0 204 
4677 1.0 500 
4678 1.0 500 
4679 1.0 212 
4680 1.0 500 
4681 1.0 362 
4682 1.0 14 
4683 1.0 122 
4684 1.0 403 
4685 1.0 500 
4686 1.0 500 
4687 1.0 114 
4688 1.0 500 
4689 1.0 206 
4690 1.0 500 
4691 1.0 500 
4692 1.0 500 
4693 1.0 101 
4694 1.0 500 
4695 1.0 500 
4696 1.0 200 
4697 1.0 500 
4698 1.0 102 
4699 1.0 500 
4700 1.0 500 
4701 1.0 500 
4702 1.0 500 
4703 1.0 500 
4704 1.0 500 
4705 1.0 205 
4706 1.0 500 
4707 1.0 500 
4708 1.0 500 
4709 1.0 500 
4710 1.0 500 
4711 1.0 500 
4712 1.0 500 
4713 1.0 500 
4714 1.0 500 
4715 1.0 500 
4716 1.0 500 
4717 1.0 500 
4718 1.0 500 
4719 1.0 500 
4720 1.0 500 
4721 1.0 500 
4722 1.0 500 
4723 1.0 117 
4724 1.0 500 
4725 1.0 500 
4726 1.0 500 
4727 1.0 500 
4728 1.0 500 
4729 1.0 500 
4730 1.0 500 
4731 1.0 500 
4732 1.0 500 
4733 1.0 500 
4734 1.0 500 
4735 1.0 500 
4736 1.0 352 
4737 1.0 367 
4738 1.0 310 
4739 1.0 316 
4740 1.0 286 
4741 1.0 370 
4742 1.0 304 
4743 1.0 300 
4744 1.0 296 
4745 1.0 280 
4746 1.0 98 
4747 1.0 500 
4748 1.0 500 
4749 1.0 500 
4750 1.0 500 
4751 1.0 16 
4752 1.0 132 
4753 1.0 328 
4754 1.0 306 
4755 1.0 400 
4756 1.0 260 
4757 1.0 330 
4758 1.0 308 
4759 1.0 305 
4760 1.0 295 
4761 1.0 304 
4762 1.0 410 
4763 1.0 304 
4764 1.0 284 
4765 1.0 350 
4766 1.0 276 
4767 1.0 376 
4768 1.0 326 
4769 1.0 354 
4770 1.0 322 
4771 1.0 456 
4772 1.0 416 
4773 1.0 436 
4774 1.0 452 
4775 1.0 437 
4776 1.0 180 
4777 1.0 154 
4778 1.0 140 
4779 1.0 500 
4780 1.0 193 
4781 1.0 196 
4782 1.0 217 
4783 1.0 217 
4784 1.0 210 
4785 1.0 195 
4786 1.0 206 
4787 1.0 189 
4788 1.0 212 
4789 1.0 223 
4790 1.0 225 
4791 1.0 210 
4792 1.0 213 
4793 1.0 214 
4794 1.0 216 
4795 1.0 231 
4796 1.0 229 
4797 1.0 244 
4798 1.0 258 
4799 1.0 141 
4800 1.0 459 
4801 1.0 463 
4802 1.0 500 
4803 1.0 301 
4804 1.0 371 
4805 1.0 337 
4806 1.0 136 
4807 1.0 500 
4808 1.0 203 
4809 1.0 237 
4810 1.0 500 
4811 1.0 500 
4812 1.0 427 
4813 1.0 464 
4814 1.0 500 
4815 1.0 410 
4816 1.0 152 
4817 1.0 500 
4818 1.0 234 
4819 1.0 231 
4820 1.0 274 
4821 1.0 228 
4822 1.0 248 
4823 1.0 200 
4824 1.0 260 
4825 1.0 251 
4826 1.0 279 
4827 1.0 201 
4828 1.0 217 
4829 1.0 312 
4830 1.0 277 
4831 1.0 383 
4832 1.0 243 
4833 1.0 290 
4834 1.0 353 
4835 1.0 334 
4836 1.0 312 
4837 1.0 181 
4838 1.0 318 
4839 1.0 11 
4840 1.0 10 
4841 1.0 8 
4842 1.0 10 
4843 1.0 125 
4844 1.0 13 
4845 1.0 12 
4846 1.0 11 
4847 1.0 163 
4848 1.0 191 
4849 1.0 194 
4850 1.0 157 
4851 1.0 9 
4852 1.0 9 
4853 1.0 11 
4854 1.0 9 
4855 1.0 11 
4856 1.0 16 
4857 1.0 152 
4858 1.0 230 
4859 1.0 206 
4860 1.0 500 
4861 1.0 500 
4862 1.0 500 
4863 1.0 500 
4864 1.0 500 
4865 1.0 500 
4866 1.0 500 
4867 1.0 500 
4868 1.0 500 
4869 1.0 500 
4870 1.0 500 
4871 1.0 24 
4872 1.0 138 
4873 1.0 259 
4874 1.0 193 
4875 1.0 200 
4876 1.0 338 
4877 1.0 217 
4878 1.0 114 
4879 1.0 145 
4880 1.0 185 
4881 1.0 205 
4882 1.0 200 
4883 1.0 203 
4884 1.0 202 
4885 1.0 215 
4886 1.0 181 
4887 1.0 181 
4888 1.0 201 
4889 1.0 175 
4890 1.0 182 
4891 1.0 166 
4892 1.0 197 
4893 1.0 247 
4894 1.0 139 
4895 1.0 106 
4896 1.0 106 
4897 1.0 19 
4898 1.0 97 
4899 1.0 19 
4900 1.0 16 
4901 1.0 15 
4902 1.0 16 
4903 1.0 20 
4904 1.0 20 
4905 1.0 99 
4906 1.0 98 
4907 1.0 98 
4908 1.0 92 
4909 1.0 101 
4910 1.0 97 
4911 1.0 17 
4912 1.0 104 
4913 1.0 378 
4914 1.0 195 
4915 1.0 121 
4916 1.0 103 
4917 1.0 96 
4918 1.0 16 
4919 1.0 15 
4920 1.0 14 
4921 1.0 131 
4922 1.0 11 
4923 1.0 12 
4924 1.0 11 
4925 1.0 9 
4926 1.0 9 
4927 1.0 9 
4928 1.0 11 
4929 1.0 9 
4930 1.0 10 
4931 1.0 11 
4932 1.0 12 
4933 1.0 10 
4934 1.0 12 
4935 1.0 11 
4936 1.0 11 
4937 1.0 11 
4938 1.0 15 
4939 1.0 13 
4940 1.0 15 
4941 1.0 13 
4942 1.0 14 
4943 1.0 15 
4944 1.0 21 
4945 1.0 101 
4946 1.0 106 
4947 1.0 115 
4948 1.0 167 
4949 1.0 141 
4950 1.0 133 
4951 1.0 148 
4952 1.0 500 
4953 1.0 162 
4954 1.0 121 
4955 1.0 153 
4956 1.0 149 
4957 1.0 131 
4958 1.0 153 
4959 1.0 147 
4960 1.0 498 
4961 1.0 205 
4962 1.0 18 
4963 1.0 126 
4964 1.0 463 
4965 1.0 500 
4966 1.0 231 
4967 1.0 107 
4968 1.0 164 
4969 1.0 178 
4970 1.0 141 
4971 1.0 143 
4972 1.0 13 
4973 1.0 104 
4974 1.0 10 
4975 1.0 10 
4976 1.0 11 
4977 1.0 10 
4978 1.0 8 
4979 1.0 9 
4980 1.0 10 
4981 1.0 12 
4982 1.0 9 
4983 1.0 9 
4984 1.0 9 
4985 1.0 8 
4986 1.0 10 
4987 1.0 10 
4988 1.0 9 
4989 1.0 132 
4990 1.0 270 
4991 1.0 427 
4992 1.0 294 
4993 1.0 35 
4994 1.0 309 
4995 1.0 154 
4996 1.0 118 
4997 1.0 197 
4998 1.0 356 
4999 1.0 136 
5000 1.0 179 
