0 1.0 17 
1 1.0 22 
2 1.0 15 
3 1.0 19 
4 1.0 18 
5 1.0 14 
6 1.0 15 
7 1.0 22 
8 1.0 32 
9 1.0 24 
10 1.0 18 
11 1.0 16 
12 1.0 21 
13 1.0 20 
14 1.0 14 
15 1.0 13 
16 1.0 11 
17 1.0 30 
18 1.0 28 
19 1.0 47 
20 1.0 28 
21 1.0 30 
22 1.0 9 
23 1.0 21 
24 1.0 11 
25 1.0 17 
26 1.0 11 
27 1.0 27 
28 1.0 32 
29 1.0 17 
30 1.0 10 
31 1.0 17 
32 1.0 27 
33 1.0 23 
34 1.0 20 
35 1.0 33 
36 1.0 22 
37 1.0 12 
38 1.0 15 
39 1.0 19 
40 1.0 15 
41 1.0 11 
42 1.0 22 
43 1.0 17 
44 1.0 10 
45 1.0 29 
46 1.0 11 
47 1.0 20 
48 1.0 28 
49 1.0 48 
50 1.0 16 
51 1.0 13 
52 1.0 14 
53 1.0 25 
54 1.0 26 
55 1.0 13 
56 1.0 14 
57 1.0 19 
58 1.0 11 
59 1.0 13 
60 1.0 30 
61 1.0 18 
62 1.0 17 
63 1.0 12 
64 1.0 17 
65 1.0 14 
66 1.0 13 
67 1.0 14 
68 1.0 9 
69 1.0 20 
70 1.0 19 
71 1.0 11 
72 1.0 14 
73 1.0 20 
74 1.0 12 
75 1.0 15 
76 1.0 21 
77 1.0 16 
78 1.0 14 
79 1.0 41 
80 1.0 30 
81 1.0 16 
82 1.0 11 
83 1.0 11 
84 1.0 17 
85 1.0 11 
86 1.0 17 
87 1.0 14 
88 1.0 22 
89 1.0 16 
90 1.0 17 
91 1.0 9 
92 1.0 16 
93 1.0 12 
94 1.0 11 
95 1.0 10 
96 1.0 12 
97 1.0 21 
98 1.0 15 
99 1.0 12 
100 1.0 11 
101 1.0 36 
102 1.0 14 
103 1.0 14 
104 1.0 24 
105 1.0 13 
106 1.0 13 
107 1.0 13 
108 1.0 18 
109 1.0 20 
110 1.0 19 
111 1.0 19 
112 1.0 45 
113 1.0 81 
114 1.0 84 
115 1.0 22 
116 1.0 22 
117 1.0 63 
118 1.0 43 
119 1.0 61 
120 1.0 41 
121 1.0 28 
122 1.0 69 
123 1.0 27 
124 1.0 45 
125 1.0 63 
126 1.0 48 
127 1.0 32 
128 1.0 44 
129 1.0 47 
130 1.0 79 
131 1.0 57 
132 1.0 52 
133 1.0 40 
134 1.0 54 
135 1.0 34 
136 1.0 33 
137 1.0 20 
138 1.0 53 
139 1.0 24 
140 1.0 22 
141 1.0 26 
142 1.0 30 
143 1.0 63 
144 1.0 43 
145 1.0 85 
146 1.0 40 
147 1.0 58 
148 1.0 33 
149 1.0 35 
150 1.0 32 
151 1.0 90 
152 1.0 60 
153 1.0 22 
154 1.0 55 
155 1.0 40 
156 1.0 38 
157 1.0 49 
158 1.0 20 
159 1.0 43 
160 1.0 48 
161 1.0 67 
162 1.0 136 
163 1.0 70 
164 1.0 45 
165 1.0 71 
166 1.0 166 
167 1.0 97 
168 1.0 104 
169 1.0 60 
170 1.0 47 
171 1.0 57 
172 1.0 84 
173 1.0 44 
174 1.0 56 
175 1.0 52 
176 1.0 60 
177 1.0 85 
178 1.0 56 
179 1.0 56 
180 1.0 114 
181 1.0 44 
182 1.0 57 
183 1.0 85 
184 1.0 60 
185 1.0 111 
186 1.0 94 
187 1.0 79 
188 1.0 63 
189 1.0 94 
190 1.0 46 
191 1.0 107 
192 1.0 104 
193 1.0 49 
194 1.0 103 
195 1.0 95 
196 1.0 106 
197 1.0 119 
198 1.0 63 
199 1.0 65 
200 1.0 42 
201 1.0 57 
202 1.0 48 
203 1.0 41 
204 1.0 45 
205 1.0 62 
206 1.0 51 
207 1.0 77 
208 1.0 63 
209 1.0 62 
210 1.0 69 
211 1.0 18 
212 1.0 37 
213 1.0 36 
214 1.0 144 
215 1.0 49 
216 1.0 131 
217 1.0 28 
218 1.0 114 
219 1.0 89 
220 1.0 58 
221 1.0 51 
222 1.0 86 
223 1.0 88 
224 1.0 139 
225 1.0 193 
226 1.0 58 
227 1.0 59 
228 1.0 43 
229 1.0 165 
230 1.0 65 
231 1.0 69 
232 1.0 81 
233 1.0 87 
234 1.0 38 
235 1.0 19 
236 1.0 148 
237 1.0 105 
238 1.0 38 
239 1.0 80 
240 1.0 123 
241 1.0 61 
242 1.0 110 
243 1.0 146 
244 1.0 20 
245 1.0 32 
246 1.0 74 
247 1.0 70 
248 1.0 159 
249 1.0 112 
250 1.0 56 
251 1.0 66 
252 1.0 58 
253 1.0 39 
254 1.0 36 
255 1.0 59 
256 1.0 78 
257 1.0 47 
258 1.0 124 
259 1.0 22 
260 1.0 45 
261 1.0 84 
262 1.0 25 
263 1.0 71 
264 1.0 38 
265 1.0 126 
266 1.0 52 
267 1.0 82 
268 1.0 75 
269 1.0 64 
270 1.0 109 
271 1.0 110 
272 1.0 119 
273 1.0 88 
274 1.0 47 
275 1.0 158 
276 1.0 55 
277 1.0 36 
278 1.0 73 
279 1.0 91 
280 1.0 87 
281 1.0 85 
282 1.0 79 
283 1.0 128 
284 1.0 50 
285 1.0 107 
286 1.0 128 
287 1.0 117 
288 1.0 239 
289 1.0 56 
290 1.0 45 
291 1.0 67 
292 1.0 120 
293 1.0 91 
294 1.0 33 
295 1.0 65 
296 1.0 78 
297 1.0 85 
298 1.0 172 
299 1.0 143 
300 1.0 151 
301 1.0 84 
302 1.0 87 
303 1.0 83 
304 1.0 244 
305 1.0 125 
306 1.0 34 
307 1.0 83 
308 1.0 133 
309 1.0 69 
310 1.0 83 
311 1.0 145 
312 1.0 102 
313 1.0 113 
314 1.0 145 
315 1.0 98 
316 1.0 143 
317 1.0 365 
318 1.0 93 
319 1.0 110 
320 1.0 104 
321 1.0 105 
322 1.0 175 
323 1.0 176 
324 1.0 136 
325 1.0 101 
326 1.0 73 
327 1.0 233 
328 1.0 213 
329 1.0 165 
330 1.0 195 
331 1.0 120 
332 1.0 212 
333 1.0 219 
334 1.0 75 
335 1.0 73 
336 1.0 208 
337 1.0 173 
338 1.0 111 
339 1.0 120 
340 1.0 102 
341 1.0 112 
342 1.0 93 
343 1.0 157 
344 1.0 31 
345 1.0 96 
346 1.0 251 
347 1.0 85 
348 1.0 99 
349 1.0 94 
350 1.0 217 
351 1.0 110 
352 1.0 131 
353 1.0 120 
354 1.0 59 
355 1.0 70 
356 1.0 68 
357 1.0 88 
358 1.0 64 
359 1.0 102 
360 1.0 95 
361 1.0 79 
362 1.0 76 
363 1.0 343 
364 1.0 115 
365 1.0 141 
366 1.0 186 
367 1.0 71 
368 1.0 105 
369 1.0 100 
370 1.0 171 
371 1.0 79 
372 1.0 214 
373 1.0 172 
374 1.0 164 
375 1.0 53 
376 1.0 129 
377 1.0 125 
378 1.0 105 
379 1.0 102 
380 1.0 138 
381 1.0 76 
382 1.0 107 
383 1.0 183 
384 1.0 194 
385 1.0 452 
386 1.0 115 
387 1.0 172 
388 1.0 134 
389 1.0 165 
390 1.0 129 
391 1.0 130 
392 1.0 182 
393 1.0 229 
394 1.0 177 
395 1.0 147 
396 1.0 254 
397 1.0 210 
398 1.0 273 
399 1.0 134 
400 1.0 282 
401 1.0 239 
402 1.0 235 
403 1.0 135 
404 1.0 99 
405 1.0 160 
406 1.0 162 
407 1.0 68 
408 1.0 67 
409 1.0 137 
410 1.0 168 
411 1.0 90 
412 1.0 138 
413 1.0 196 
414 1.0 242 
415 1.0 151 
416 1.0 199 
417 1.0 196 
418 1.0 111 
419 1.0 76 
420 1.0 98 
421 1.0 113 
422 1.0 230 
423 1.0 85 
424 1.0 128 
425 1.0 198 
426 1.0 213 
427 1.0 202 
428 1.0 365 
429 1.0 306 
430 1.0 231 
431 1.0 368 
432 1.0 119 
433 1.0 195 
434 1.0 101 
435 1.0 402 
436 1.0 301 
437 1.0 474 
438 1.0 174 
439 1.0 290 
440 1.0 248 
441 1.0 500 
442 1.0 364 
443 1.0 118 
444 1.0 209 
445 1.0 337 
446 1.0 306 
447 1.0 133 
448 1.0 237 
449 1.0 286 
450 1.0 182 
451 1.0 268 
452 1.0 300 
453 1.0 209 
454 1.0 201 
455 1.0 150 
456 1.0 284 
457 1.0 204 
458 1.0 167 
459 1.0 163 
460 1.0 244 
461 1.0 175 
462 1.0 154 
463 1.0 163 
464 1.0 138 
465 1.0 207 
466 1.0 273 
467 1.0 304 
468 1.0 175 
469 1.0 191 
470 1.0 168 
471 1.0 254 
472 1.0 332 
473 1.0 349 
474 1.0 250 
475 1.0 186 
476 1.0 356 
477 1.0 230 
478 1.0 439 
479 1.0 273 
480 1.0 500 
481 1.0 192 
482 1.0 293 
483 1.0 236 
484 1.0 239 
485 1.0 212 
486 1.0 363 
487 1.0 221 
488 1.0 237 
489 1.0 249 
490 1.0 500 
491 1.0 233 
492 1.0 182 
493 1.0 228 
494 1.0 61 
495 1.0 140 
496 1.0 159 
497 1.0 414 
498 1.0 133 
499 1.0 176 
500 1.0 428 
501 1.0 170 
502 1.0 157 
503 1.0 142 
504 1.0 58 
505 1.0 225 
506 1.0 43 
507 1.0 162 
508 1.0 115 
509 1.0 175 
510 1.0 175 
511 1.0 121 
512 1.0 329 
513 1.0 149 
514 1.0 194 
515 1.0 390 
516 1.0 274 
517 1.0 247 
518 1.0 255 
519 1.0 167 
520 1.0 169 
521 1.0 294 
522 1.0 331 
523 1.0 178 
524 1.0 50 
525 1.0 83 
526 1.0 485 
527 1.0 45 
528 1.0 280 
529 1.0 366 
530 1.0 500 
531 1.0 267 
532 1.0 244 
533 1.0 226 
534 1.0 223 
535 1.0 262 
536 1.0 179 
537 1.0 215 
538 1.0 42 
539 1.0 187 
540 1.0 166 
541 1.0 228 
542 1.0 212 
543 1.0 171 
544 1.0 408 
545 1.0 457 
546 1.0 248 
547 1.0 49 
548 1.0 292 
549 1.0 254 
550 1.0 477 
551 1.0 500 
552 1.0 169 
553 1.0 437 
554 1.0 308 
555 1.0 103 
556 1.0 130 
557 1.0 399 
558 1.0 500 
559 1.0 175 
560 1.0 407 
561 1.0 254 
562 1.0 171 
563 1.0 102 
564 1.0 232 
565 1.0 280 
566 1.0 298 
567 1.0 191 
568 1.0 116 
569 1.0 297 
570 1.0 160 
571 1.0 160 
572 1.0 179 
573 1.0 167 
574 1.0 180 
575 1.0 225 
576 1.0 187 
577 1.0 186 
578 1.0 500 
579 1.0 216 
580 1.0 212 
581 1.0 345 
582 1.0 300 
583 1.0 191 
584 1.0 165 
585 1.0 329 
586 1.0 144 
587 1.0 192 
588 1.0 246 
589 1.0 145 
590 1.0 190 
591 1.0 168 
592 1.0 377 
593 1.0 187 
594 1.0 500 
595 1.0 192 
596 1.0 268 
597 1.0 313 
598 1.0 201 
599 1.0 121 
600 1.0 248 
601 1.0 193 
602 1.0 264 
603 1.0 258 
604 1.0 184 
605 1.0 91 
606 1.0 339 
607 1.0 181 
608 1.0 421 
609 1.0 164 
610 1.0 500 
611 1.0 51 
612 1.0 192 
613 1.0 122 
614 1.0 417 
615 1.0 193 
616 1.0 180 
617 1.0 500 
618 1.0 79 
619 1.0 368 
620 1.0 126 
621 1.0 137 
622 1.0 150 
623 1.0 10 
624 1.0 174 
625 1.0 194 
626 1.0 186 
627 1.0 187 
628 1.0 11 
629 1.0 161 
630 1.0 114 
631 1.0 144 
632 1.0 137 
633 1.0 159 
634 1.0 193 
635 1.0 274 
636 1.0 130 
637 1.0 17 
638 1.0 173 
639 1.0 25 
640 1.0 162 
641 1.0 459 
642 1.0 142 
643 1.0 141 
644 1.0 144 
645 1.0 140 
646 1.0 161 
647 1.0 140 
648 1.0 163 
649 1.0 151 
650 1.0 184 
651 1.0 184 
652 1.0 18 
653 1.0 184 
654 1.0 185 
655 1.0 152 
656 1.0 201 
657 1.0 197 
658 1.0 369 
659 1.0 11 
660 1.0 14 
661 1.0 24 
662 1.0 11 
663 1.0 9 
664 1.0 9 
665 1.0 10 
666 1.0 12 
667 1.0 9 
668 1.0 11 
669 1.0 13 
670 1.0 16 
671 1.0 21 
672 1.0 44 
673 1.0 116 
674 1.0 117 
675 1.0 187 
676 1.0 115 
677 1.0 98 
678 1.0 149 
679 1.0 159 
680 1.0 254 
681 1.0 96 
682 1.0 333 
683 1.0 145 
684 1.0 161 
685 1.0 155 
686 1.0 202 
687 1.0 108 
688 1.0 111 
689 1.0 145 
690 1.0 180 
691 1.0 36 
692 1.0 119 
693 1.0 127 
694 1.0 185 
695 1.0 135 
696 1.0 152 
697 1.0 217 
698 1.0 333 
699 1.0 451 
700 1.0 166 
701 1.0 184 
702 1.0 373 
703 1.0 180 
704 1.0 150 
705 1.0 75 
706 1.0 10 
707 1.0 19 
708 1.0 175 
709 1.0 281 
710 1.0 229 
711 1.0 461 
712 1.0 180 
713 1.0 226 
714 1.0 255 
715 1.0 408 
716 1.0 394 
717 1.0 500 
718 1.0 257 
719 1.0 112 
720 1.0 134 
721 1.0 133 
722 1.0 37 
723 1.0 116 
724 1.0 112 
725 1.0 110 
726 1.0 146 
727 1.0 150 
728 1.0 137 
729 1.0 144 
730 1.0 123 
731 1.0 248 
732 1.0 383 
733 1.0 188 
734 1.0 190 
735 1.0 230 
736 1.0 118 
737 1.0 145 
738 1.0 119 
739 1.0 209 
740 1.0 158 
741 1.0 248 
742 1.0 163 
743 1.0 24 
744 1.0 500 
745 1.0 500 
746 1.0 228 
747 1.0 463 
748 1.0 213 
749 1.0 500 
750 1.0 211 
751 1.0 180 
752 1.0 458 
753 1.0 500 
754 1.0 260 
755 1.0 283 
756 1.0 205 
757 1.0 307 
758 1.0 199 
759 1.0 117 
760 1.0 144 
761 1.0 138 
762 1.0 147 
763 1.0 309 
764 1.0 156 
765 1.0 133 
766 1.0 133 
767 1.0 108 
768 1.0 188 
769 1.0 151 
770 1.0 202 
771 1.0 168 
772 1.0 125 
773 1.0 126 
774 1.0 158 
775 1.0 150 
776 1.0 131 
777 1.0 156 
778 1.0 125 
779 1.0 144 
780 1.0 142 
781 1.0 147 
782 1.0 400 
783 1.0 187 
784 1.0 160 
785 1.0 166 
786 1.0 225 
787 1.0 183 
788 1.0 154 
789 1.0 388 
790 1.0 182 
791 1.0 398 
792 1.0 395 
793 1.0 484 
794 1.0 182 
795 1.0 259 
796 1.0 228 
797 1.0 397 
798 1.0 272 
799 1.0 245 
800 1.0 275 
801 1.0 319 
802 1.0 500 
803 1.0 414 
804 1.0 173 
805 1.0 500 
806 1.0 500 
807 1.0 398 
808 1.0 13 
809 1.0 35 
810 1.0 318 
811 1.0 251 
812 1.0 458 
813 1.0 227 
814 1.0 41 
815 1.0 132 
816 1.0 371 
817 1.0 281 
818 1.0 500 
819 1.0 152 
820 1.0 249 
821 1.0 15 
822 1.0 63 
823 1.0 121 
824 1.0 500 
825 1.0 149 
826 1.0 106 
827 1.0 426 
828 1.0 91 
829 1.0 284 
830 1.0 113 
831 1.0 113 
832 1.0 111 
833 1.0 114 
834 1.0 73 
835 1.0 55 
836 1.0 74 
837 1.0 101 
838 1.0 83 
839 1.0 69 
840 1.0 49 
841 1.0 110 
842 1.0 45 
843 1.0 82 
844 1.0 47 
845 1.0 75 
846 1.0 263 
847 1.0 90 
848 1.0 51 
849 1.0 122 
850 1.0 70 
851 1.0 257 
852 1.0 72 
853 1.0 500 
854 1.0 63 
855 1.0 86 
856 1.0 93 
857 1.0 258 
858 1.0 125 
859 1.0 59 
860 1.0 25 
861 1.0 394 
862 1.0 47 
863 1.0 315 
864 1.0 177 
865 1.0 197 
866 1.0 151 
867 1.0 65 
868 1.0 246 
869 1.0 210 
870 1.0 164 
871 1.0 166 
872 1.0 242 
873 1.0 243 
874 1.0 162 
875 1.0 362 
876 1.0 276 
877 1.0 167 
878 1.0 251 
879 1.0 344 
880 1.0 166 
881 1.0 302 
882 1.0 284 
883 1.0 44 
884 1.0 113 
885 1.0 142 
886 1.0 96 
887 1.0 191 
888 1.0 175 
889 1.0 69 
890 1.0 155 
891 1.0 44 
892 1.0 47 
893 1.0 51 
894 1.0 94 
895 1.0 72 
896 1.0 129 
897 1.0 139 
898 1.0 252 
899 1.0 264 
900 1.0 161 
901 1.0 210 
902 1.0 500 
903 1.0 179 
904 1.0 207 
905 1.0 422 
906 1.0 195 
907 1.0 377 
908 1.0 12 
909 1.0 367 
910 1.0 500 
911 1.0 500 
912 1.0 284 
913 1.0 125 
914 1.0 297 
915 1.0 170 
916 1.0 500 
917 1.0 426 
918 1.0 168 
919 1.0 237 
920 1.0 253 
921 1.0 197 
922 1.0 296 
923 1.0 282 
924 1.0 500 
925 1.0 232 
926 1.0 309 
927 1.0 485 
928 1.0 306 
929 1.0 437 
930 1.0 500 
931 1.0 239 
932 1.0 233 
933 1.0 237 
934 1.0 500 
935 1.0 331 
936 1.0 251 
937 1.0 462 
938 1.0 380 
939 1.0 475 
940 1.0 105 
941 1.0 232 
942 1.0 167 
943 1.0 151 
944 1.0 192 
945 1.0 201 
946 1.0 122 
947 1.0 281 
948 1.0 385 
949 1.0 500 
950 1.0 272 
951 1.0 248 
952 1.0 382 
953 1.0 500 
954 1.0 275 
955 1.0 161 
956 1.0 302 
957 1.0 369 
958 1.0 131 
959 1.0 94 
960 1.0 168 
961 1.0 132 
962 1.0 165 
963 1.0 128 
964 1.0 152 
965 1.0 139 
966 1.0 369 
967 1.0 142 
968 1.0 364 
969 1.0 9 
970 1.0 15 
971 1.0 189 
972 1.0 181 
973 1.0 188 
974 1.0 176 
975 1.0 398 
976 1.0 343 
977 1.0 415 
978 1.0 197 
979 1.0 500 
980 1.0 70 
981 1.0 298 
982 1.0 33 
983 1.0 10 
984 1.0 28 
985 1.0 67 
986 1.0 107 
987 1.0 86 
988 1.0 43 
989 1.0 418 
990 1.0 84 
991 1.0 153 
992 1.0 148 
993 1.0 275 
994 1.0 181 
995 1.0 365 
996 1.0 296 
997 1.0 178 
998 1.0 273 
999 1.0 270 
1000 1.0 220 
1001 1.0 320 
1002 1.0 189 
1003 1.0 478 
1004 1.0 231 
1005 1.0 220 
1006 1.0 256 
1007 1.0 301 
1008 1.0 10 
1009 1.0 80 
1010 1.0 319 
1011 1.0 500 
1012 1.0 500 
1013 1.0 224 
1014 1.0 185 
1015 1.0 340 
1016 1.0 267 
1017 1.0 299 
1018 1.0 278 
1019 1.0 367 
1020 1.0 114 
1021 1.0 155 
1022 1.0 154 
1023 1.0 368 
1024 1.0 208 
1025 1.0 158 
1026 1.0 212 
1027 1.0 500 
1028 1.0 500 
1029 1.0 310 
1030 1.0 221 
1031 1.0 386 
1032 1.0 151 
1033 1.0 242 
1034 1.0 438 
1035 1.0 239 
1036 1.0 403 
1037 1.0 479 
1038 1.0 211 
1039 1.0 134 
1040 1.0 132 
1041 1.0 124 
1042 1.0 239 
1043 1.0 165 
1044 1.0 246 
1045 1.0 419 
1046 1.0 352 
1047 1.0 270 
1048 1.0 170 
1049 1.0 294 
1050 1.0 129 
1051 1.0 181 
1052 1.0 139 
1053 1.0 157 
1054 1.0 500 
1055 1.0 145 
1056 1.0 119 
1057 1.0 210 
1058 1.0 236 
1059 1.0 500 
1060 1.0 331 
1061 1.0 500 
1062 1.0 172 
1063 1.0 146 
1064 1.0 295 
1065 1.0 271 
1066 1.0 500 
1067 1.0 252 
1068 1.0 199 
1069 1.0 108 
1070 1.0 149 
1071 1.0 154 
1072 1.0 138 
1073 1.0 169 
1074 1.0 168 
1075 1.0 143 
1076 1.0 124 
1077 1.0 138 
1078 1.0 116 
1079 1.0 132 
1080 1.0 38 
1081 1.0 17 
1082 1.0 125 
1083 1.0 111 
1084 1.0 113 
1085 1.0 120 
1086 1.0 124 
1087 1.0 119 
1088 1.0 145 
1089 1.0 133 
1090 1.0 159 
1091 1.0 153 
1092 1.0 157 
1093 1.0 156 
1094 1.0 186 
1095 1.0 140 
1096 1.0 207 
1097 1.0 180 
1098 1.0 214 
1099 1.0 159 
1100 1.0 150 
1101 1.0 164 
1102 1.0 166 
1103 1.0 136 
1104 1.0 108 
1105 1.0 174 
1106 1.0 242 
1107 1.0 158 
1108 1.0 205 
1109 1.0 169 
1110 1.0 143 
1111 1.0 154 
1112 1.0 192 
1113 1.0 224 
1114 1.0 180 
1115 1.0 10 
1116 1.0 57 
1117 1.0 175 
1118 1.0 48 
1119 1.0 78 
1120 1.0 88 
1121 1.0 52 
1122 1.0 39 
1123 1.0 131 
1124 1.0 128 
1125 1.0 137 
1126 1.0 196 
1127 1.0 116 
1128 1.0 56 
1129 1.0 443 
1130 1.0 163 
1131 1.0 273 
1132 1.0 148 
1133 1.0 295 
1134 1.0 206 
1135 1.0 231 
1136 1.0 482 
1137 1.0 500 
1138 1.0 500 
1139 1.0 418 
1140 1.0 386 
1141 1.0 500 
1142 1.0 402 
1143 1.0 100 
1144 1.0 306 
1145 1.0 81 
1146 1.0 294 
1147 1.0 218 
1148 1.0 406 
1149 1.0 108 
1150 1.0 159 
1151 1.0 237 
1152 1.0 337 
1153 1.0 450 
1154 1.0 421 
1155 1.0 230 
1156 1.0 176 
1157 1.0 187 
1158 1.0 349 
1159 1.0 479 
1160 1.0 500 
1161 1.0 500 
1162 1.0 93 
1163 1.0 81 
1164 1.0 144 
1165 1.0 109 
1166 1.0 34 
1167 1.0 160 
1168 1.0 169 
1169 1.0 390 
1170 1.0 245 
1171 1.0 315 
1172 1.0 114 
1173 1.0 135 
1174 1.0 338 
1175 1.0 166 
1176 1.0 158 
1177 1.0 247 
1178 1.0 287 
1179 1.0 500 
1180 1.0 264 
1181 1.0 114 
1182 1.0 107 
1183 1.0 9 
1184 1.0 199 
1185 1.0 13 
1186 1.0 207 
1187 1.0 173 
1188 1.0 328 
1189 1.0 183 
1190 1.0 219 
1191 1.0 134 
1192 1.0 100 
1193 1.0 128 
1194 1.0 115 
1195 1.0 163 
1196 1.0 151 
1197 1.0 132 
1198 1.0 110 
1199 1.0 135 
1200 1.0 122 
1201 1.0 138 
1202 1.0 172 
1203 1.0 110 
1204 1.0 200 
1205 1.0 130 
1206 1.0 137 
1207 1.0 148 
1208 1.0 115 
1209 1.0 243 
1210 1.0 115 
1211 1.0 178 
1212 1.0 175 
1213 1.0 500 
1214 1.0 120 
1215 1.0 236 
1216 1.0 80 
1217 1.0 164 
1218 1.0 316 
1219 1.0 370 
1220 1.0 153 
1221 1.0 161 
1222 1.0 153 
1223 1.0 130 
1224 1.0 110 
1225 1.0 302 
1226 1.0 146 
1227 1.0 140 
1228 1.0 203 
1229 1.0 155 
1230 1.0 111 
1231 1.0 114 
1232 1.0 141 
1233 1.0 70 
1234 1.0 174 
1235 1.0 376 
1236 1.0 150 
1237 1.0 93 
1238 1.0 190 
1239 1.0 120 
1240 1.0 32 
1241 1.0 98 
1242 1.0 112 
1243 1.0 500 
1244 1.0 74 
1245 1.0 14 
1246 1.0 206 
1247 1.0 47 
1248 1.0 135 
1249 1.0 253 
1250 1.0 251 
1251 1.0 144 
1252 1.0 420 
1253 1.0 500 
1254 1.0 203 
1255 1.0 181 
1256 1.0 303 
1257 1.0 142 
1258 1.0 500 
1259 1.0 262 
1260 1.0 234 
1261 1.0 254 
1262 1.0 240 
1263 1.0 324 
1264 1.0 254 
1265 1.0 154 
1266 1.0 20 
1267 1.0 116 
1268 1.0 159 
1269 1.0 49 
1270 1.0 249 
1271 1.0 464 
1272 1.0 128 
1273 1.0 48 
1274 1.0 12 
1275 1.0 73 
1276 1.0 39 
1277 1.0 89 
1278 1.0 162 
1279 1.0 157 
1280 1.0 205 
1281 1.0 116 
1282 1.0 53 
1283 1.0 53 
1284 1.0 32 
1285 1.0 86 
1286 1.0 143 
1287 1.0 160 
1288 1.0 225 
1289 1.0 330 
1290 1.0 216 
1291 1.0 275 
1292 1.0 195 
1293 1.0 150 
1294 1.0 286 
1295 1.0 155 
1296 1.0 500 
1297 1.0 248 
1298 1.0 122 
1299 1.0 86 
1300 1.0 156 
1301 1.0 208 
1302 1.0 125 
1303 1.0 74 
1304 1.0 11 
1305 1.0 54 
1306 1.0 58 
1307 1.0 40 
1308 1.0 143 
1309 1.0 188 
1310 1.0 41 
1311 1.0 81 
1312 1.0 74 
1313 1.0 61 
1314 1.0 50 
1315 1.0 73 
1316 1.0 135 
1317 1.0 122 
1318 1.0 222 
1319 1.0 391 
1320 1.0 109 
1321 1.0 119 
1322 1.0 126 
1323 1.0 183 
1324 1.0 310 
1325 1.0 185 
1326 1.0 251 
1327 1.0 98 
1328 1.0 68 
1329 1.0 79 
1330 1.0 114 
1331 1.0 148 
1332 1.0 145 
1333 1.0 268 
1334 1.0 322 
1335 1.0 274 
1336 1.0 301 
1337 1.0 192 
1338 1.0 148 
1339 1.0 471 
1340 1.0 342 
1341 1.0 219 
1342 1.0 381 
1343 1.0 224 
1344 1.0 436 
1345 1.0 189 
1346 1.0 274 
1347 1.0 123 
1348 1.0 12 
1349 1.0 211 
1350 1.0 116 
1351 1.0 164 
1352 1.0 215 
1353 1.0 167 
1354 1.0 150 
1355 1.0 147 
1356 1.0 168 
1357 1.0 182 
1358 1.0 188 
1359 1.0 226 
1360 1.0 191 
1361 1.0 500 
1362 1.0 213 
1363 1.0 177 
1364 1.0 132 
1365 1.0 135 
1366 1.0 235 
1367 1.0 177 
1368 1.0 323 
1369 1.0 253 
1370 1.0 277 
1371 1.0 398 
1372 1.0 312 
1373 1.0 206 
1374 1.0 317 
1375 1.0 253 
1376 1.0 213 
1377 1.0 230 
1378 1.0 500 
1379 1.0 500 
1380 1.0 500 
1381 1.0 335 
1382 1.0 309 
1383 1.0 162 
1384 1.0 500 
1385 1.0 282 
1386 1.0 314 
1387 1.0 222 
1388 1.0 207 
1389 1.0 291 
1390 1.0 280 
1391 1.0 300 
1392 1.0 254 
1393 1.0 252 
1394 1.0 188 
1395 1.0 216 
1396 1.0 206 
1397 1.0 245 
1398 1.0 283 
1399 1.0 428 
1400 1.0 500 
1401 1.0 500 
1402 1.0 443 
1403 1.0 177 
1404 1.0 217 
1405 1.0 289 
1406 1.0 211 
1407 1.0 112 
1408 1.0 154 
1409 1.0 164 
1410 1.0 152 
1411 1.0 181 
1412 1.0 361 
1413 1.0 210 
1414 1.0 186 
1415 1.0 198 
1416 1.0 153 
1417 1.0 226 
1418 1.0 338 
1419 1.0 186 
1420 1.0 178 
1421 1.0 161 
1422 1.0 428 
1423 1.0 195 
1424 1.0 260 
1425 1.0 8 
1426 1.0 132 
1427 1.0 107 
1428 1.0 146 
1429 1.0 159 
1430 1.0 161 
1431 1.0 390 
1432 1.0 43 
1433 1.0 240 
1434 1.0 305 
1435 1.0 208 
1436 1.0 114 
1437 1.0 280 
1438 1.0 119 
1439 1.0 143 
1440 1.0 197 
1441 1.0 111 
1442 1.0 152 
1443 1.0 160 
1444 1.0 159 
1445 1.0 171 
1446 1.0 156 
1447 1.0 206 
1448 1.0 197 
1449 1.0 137 
1450 1.0 266 
1451 1.0 154 
1452 1.0 497 
1453 1.0 247 
1454 1.0 361 
1455 1.0 201 
1456 1.0 163 
1457 1.0 111 
1458 1.0 176 
1459 1.0 208 
1460 1.0 15 
1461 1.0 67 
1462 1.0 54 
1463 1.0 66 
1464 1.0 124 
1465 1.0 79 
1466 1.0 108 
1467 1.0 116 
1468 1.0 169 
1469 1.0 78 
1470 1.0 93 
1471 1.0 80 
1472 1.0 103 
1473 1.0 186 
1474 1.0 128 
1475 1.0 47 
1476 1.0 177 
1477 1.0 13 
1478 1.0 16 
1479 1.0 40 
1480 1.0 22 
1481 1.0 24 
1482 1.0 15 
1483 1.0 14 
1484 1.0 11 
1485 1.0 11 
1486 1.0 14 
1487 1.0 20 
1488 1.0 10 
1489 1.0 11 
1490 1.0 42 
1491 1.0 10 
1492 1.0 10 
1493 1.0 11 
1494 1.0 12 
1495 1.0 9 
1496 1.0 10 
1497 1.0 55 
1498 1.0 10 
1499 1.0 12 
1500 1.0 70 
1501 1.0 10 
1502 1.0 11 
1503 1.0 10 
1504 1.0 94 
1505 1.0 76 
1506 1.0 91 
1507 1.0 11 
1508 1.0 87 
1509 1.0 207 
1510 1.0 11 
1511 1.0 120 
1512 1.0 108 
1513 1.0 112 
1514 1.0 125 
1515 1.0 121 
1516 1.0 122 
1517 1.0 127 
1518 1.0 136 
1519 1.0 129 
1520 1.0 500 
1521 1.0 500 
1522 1.0 110 
1523 1.0 122 
1524 1.0 117 
1525 1.0 110 
1526 1.0 122 
1527 1.0 128 
1528 1.0 131 
1529 1.0 13 
1530 1.0 132 
1531 1.0 97 
1532 1.0 55 
1533 1.0 143 
1534 1.0 178 
1535 1.0 140 
1536 1.0 160 
1537 1.0 301 
1538 1.0 177 
1539 1.0 124 
1540 1.0 217 
1541 1.0 14 
1542 1.0 208 
1543 1.0 51 
1544 1.0 132 
1545 1.0 141 
1546 1.0 137 
1547 1.0 185 
1548 1.0 182 
1549 1.0 465 
1550 1.0 212 
1551 1.0 225 
1552 1.0 159 
1553 1.0 148 
1554 1.0 297 
1555 1.0 360 
1556 1.0 495 
1557 1.0 234 
1558 1.0 232 
1559 1.0 94 
1560 1.0 14 
1561 1.0 202 
1562 1.0 158 
1563 1.0 175 
1564 1.0 140 
1565 1.0 190 
1566 1.0 131 
1567 1.0 90 
1568 1.0 164 
1569 1.0 330 
1570 1.0 146 
1571 1.0 126 
1572 1.0 198 
1573 1.0 70 
1574 1.0 500 
1575 1.0 121 
1576 1.0 183 
1577 1.0 122 
1578 1.0 51 
1579 1.0 100 
1580 1.0 108 
1581 1.0 235 
1582 1.0 257 
1583 1.0 419 
1584 1.0 295 
1585 1.0 188 
1586 1.0 406 
1587 1.0 238 
1588 1.0 262 
1589 1.0 116 
1590 1.0 10 
1591 1.0 273 
1592 1.0 138 
1593 1.0 110 
1594 1.0 122 
1595 1.0 129 
1596 1.0 329 
1597 1.0 500 
1598 1.0 121 
1599 1.0 287 
1600 1.0 230 
1601 1.0 99 
1602 1.0 174 
1603 1.0 336 
1604 1.0 253 
1605 1.0 236 
1606 1.0 247 
1607 1.0 133 
1608 1.0 189 
1609 1.0 176 
1610 1.0 209 
1611 1.0 193 
1612 1.0 119 
1613 1.0 200 
1614 1.0 187 
1615 1.0 161 
1616 1.0 122 
1617 1.0 215 
1618 1.0 160 
1619 1.0 246 
1620 1.0 181 
1621 1.0 189 
1622 1.0 154 
1623 1.0 200 
1624 1.0 200 
1625 1.0 268 
1626 1.0 192 
1627 1.0 207 
1628 1.0 370 
1629 1.0 145 
1630 1.0 314 
1631 1.0 250 
1632 1.0 194 
1633 1.0 139 
1634 1.0 94 
1635 1.0 149 
1636 1.0 242 
1637 1.0 222 
1638 1.0 209 
1639 1.0 198 
1640 1.0 219 
1641 1.0 218 
1642 1.0 237 
1643 1.0 192 
1644 1.0 236 
1645 1.0 200 
1646 1.0 151 
1647 1.0 141 
1648 1.0 369 
1649 1.0 209 
1650 1.0 322 
1651 1.0 251 
1652 1.0 224 
1653 1.0 239 
1654 1.0 252 
1655 1.0 336 
1656 1.0 219 
1657 1.0 263 
1658 1.0 187 
1659 1.0 191 
1660 1.0 227 
1661 1.0 208 
1662 1.0 178 
1663 1.0 215 
1664 1.0 357 
1665 1.0 411 
1666 1.0 223 
1667 1.0 207 
1668 1.0 129 
1669 1.0 153 
1670 1.0 218 
1671 1.0 107 
1672 1.0 96 
1673 1.0 10 
1674 1.0 12 
1675 1.0 13 
1676 1.0 12 
1677 1.0 11 
1678 1.0 142 
1679 1.0 10 
1680 1.0 13 
1681 1.0 142 
1682 1.0 12 
1683 1.0 137 
1684 1.0 16 
1685 1.0 15 
1686 1.0 133 
1687 1.0 133 
1688 1.0 142 
1689 1.0 113 
1690 1.0 130 
1691 1.0 181 
1692 1.0 144 
1693 1.0 125 
1694 1.0 209 
1695 1.0 163 
1696 1.0 146 
1697 1.0 160 
1698 1.0 150 
1699 1.0 185 
1700 1.0 191 
1701 1.0 175 
1702 1.0 319 
1703 1.0 144 
1704 1.0 208 
1705 1.0 238 
1706 1.0 384 
1707 1.0 238 
1708 1.0 248 
1709 1.0 267 
1710 1.0 313 
1711 1.0 209 
1712 1.0 207 
1713 1.0 169 
1714 1.0 500 
1715 1.0 135 
1716 1.0 381 
1717 1.0 248 
1718 1.0 388 
1719 1.0 321 
1720 1.0 185 
1721 1.0 236 
1722 1.0 221 
1723 1.0 429 
1724 1.0 198 
1725 1.0 226 
1726 1.0 221 
1727 1.0 328 
1728 1.0 267 
1729 1.0 196 
1730 1.0 243 
1731 1.0 356 
1732 1.0 199 
1733 1.0 298 
1734 1.0 232 
1735 1.0 248 
1736 1.0 334 
1737 1.0 189 
1738 1.0 500 
1739 1.0 281 
1740 1.0 500 
1741 1.0 285 
1742 1.0 251 
1743 1.0 173 
1744 1.0 491 
1745 1.0 225 
1746 1.0 117 
1747 1.0 423 
1748 1.0 150 
1749 1.0 15 
1750 1.0 500 
1751 1.0 159 
1752 1.0 172 
1753 1.0 133 
1754 1.0 266 
1755 1.0 500 
1756 1.0 168 
1757 1.0 210 
1758 1.0 137 
1759 1.0 188 
1760 1.0 29 
1761 1.0 15 
1762 1.0 171 
1763 1.0 371 
1764 1.0 142 
1765 1.0 121 
1766 1.0 27 
1767 1.0 107 
1768 1.0 122 
1769 1.0 179 
1770 1.0 114 
1771 1.0 125 
1772 1.0 133 
1773 1.0 11 
1774 1.0 190 
1775 1.0 280 
1776 1.0 11 
1777 1.0 138 
1778 1.0 500 
1779 1.0 175 
1780 1.0 111 
1781 1.0 137 
1782 1.0 321 
1783 1.0 282 
1784 1.0 500 
1785 1.0 404 
1786 1.0 199 
1787 1.0 267 
1788 1.0 277 
1789 1.0 123 
1790 1.0 248 
1791 1.0 492 
1792 1.0 500 
1793 1.0 500 
1794 1.0 500 
1795 1.0 500 
1796 1.0 439 
1797 1.0 500 
1798 1.0 500 
1799 1.0 249 
1800 1.0 334 
1801 1.0 500 
1802 1.0 432 
1803 1.0 326 
1804 1.0 345 
1805 1.0 500 
1806 1.0 463 
1807 1.0 382 
1808 1.0 298 
1809 1.0 136 
1810 1.0 402 
1811 1.0 310 
1812 1.0 355 
1813 1.0 452 
1814 1.0 371 
1815 1.0 253 
1816 1.0 459 
1817 1.0 291 
1818 1.0 326 
1819 1.0 397 
1820 1.0 367 
1821 1.0 337 
1822 1.0 318 
1823 1.0 324 
1824 1.0 332 
1825 1.0 259 
1826 1.0 438 
1827 1.0 401 
1828 1.0 347 
1829 1.0 286 
1830 1.0 366 
1831 1.0 341 
1832 1.0 130 
1833 1.0 111 
1834 1.0 244 
1835 1.0 500 
1836 1.0 500 
1837 1.0 500 
1838 1.0 233 
1839 1.0 116 
1840 1.0 10 
1841 1.0 156 
1842 1.0 139 
1843 1.0 114 
1844 1.0 10 
1845 1.0 9 
1846 1.0 108 
1847 1.0 500 
1848 1.0 365 
1849 1.0 14 
1850 1.0 221 
1851 1.0 335 
1852 1.0 292 
1853 1.0 300 
1854 1.0 141 
1855 1.0 337 
1856 1.0 500 
1857 1.0 500 
1858 1.0 200 
1859 1.0 206 
1860 1.0 500 
1861 1.0 500 
1862 1.0 500 
1863 1.0 430 
1864 1.0 266 
1865 1.0 500 
1866 1.0 330 
1867 1.0 500 
1868 1.0 335 
1869 1.0 468 
1870 1.0 500 
1871 1.0 500 
1872 1.0 500 
1873 1.0 341 
1874 1.0 440 
1875 1.0 466 
1876 1.0 455 
1877 1.0 370 
1878 1.0 161 
1879 1.0 194 
1880 1.0 257 
1881 1.0 236 
1882 1.0 394 
1883 1.0 113 
1884 1.0 125 
1885 1.0 121 
1886 1.0 131 
1887 1.0 136 
1888 1.0 136 
1889 1.0 139 
1890 1.0 138 
1891 1.0 192 
1892 1.0 158 
1893 1.0 133 
1894 1.0 145 
1895 1.0 158 
1896 1.0 186 
1897 1.0 113 
1898 1.0 109 
1899 1.0 103 
1900 1.0 83 
1901 1.0 113 
1902 1.0 123 
1903 1.0 115 
1904 1.0 122 
1905 1.0 116 
1906 1.0 325 
1907 1.0 129 
1908 1.0 163 
1909 1.0 136 
1910 1.0 114 
1911 1.0 16 
1912 1.0 14 
1913 1.0 133 
1914 1.0 109 
1915 1.0 140 
1916 1.0 245 
1917 1.0 311 
1918 1.0 181 
1919 1.0 352 
1920 1.0 205 
1921 1.0 210 
1922 1.0 301 
1923 1.0 138 
1924 1.0 139 
1925 1.0 107 
1926 1.0 115 
1927 1.0 150 
1928 1.0 123 
1929 1.0 142 
1930 1.0 155 
1931 1.0 177 
1932 1.0 203 
1933 1.0 123 
1934 1.0 209 
1935 1.0 226 
1936 1.0 151 
1937 1.0 227 
1938 1.0 176 
1939 1.0 128 
1940 1.0 207 
1941 1.0 185 
1942 1.0 203 
1943 1.0 250 
1944 1.0 149 
1945 1.0 131 
1946 1.0 271 
1947 1.0 158 
1948 1.0 190 
1949 1.0 228 
1950 1.0 242 
1951 1.0 289 
1952 1.0 191 
1953 1.0 208 
1954 1.0 202 
1955 1.0 216 
1956 1.0 80 
1957 1.0 484 
1958 1.0 279 
1959 1.0 416 
1960 1.0 161 
1961 1.0 421 
1962 1.0 334 
1963 1.0 410 
1964 1.0 500 
1965 1.0 498 
1966 1.0 432 
1967 1.0 500 
1968 1.0 500 
1969 1.0 343 
1970 1.0 467 
1971 1.0 358 
1972 1.0 500 
1973 1.0 341 
1974 1.0 304 
1975 1.0 296 
1976 1.0 399 
1977 1.0 286 
1978 1.0 281 
1979 1.0 298 
1980 1.0 439 
1981 1.0 500 
1982 1.0 367 
1983 1.0 291 
1984 1.0 385 
1985 1.0 131 
1986 1.0 300 
1987 1.0 487 
1988 1.0 299 
1989 1.0 277 
1990 1.0 500 
1991 1.0 446 
1992 1.0 454 
1993 1.0 301 
1994 1.0 500 
1995 1.0 331 
1996 1.0 184 
1997 1.0 336 
1998 1.0 293 
1999 1.0 318 
2000 1.0 500 
2001 1.0 285 
2002 1.0 415 
2003 1.0 500 
2004 1.0 322 
2005 1.0 279 
2006 1.0 485 
2007 1.0 433 
2008 1.0 196 
2009 1.0 464 
2010 1.0 296 
2011 1.0 249 
2012 1.0 209 
2013 1.0 254 
2014 1.0 220 
2015 1.0 331 
2016 1.0 500 
2017 1.0 500 
2018 1.0 500 
2019 1.0 460 
2020 1.0 500 
2021 1.0 313 
2022 1.0 316 
2023 1.0 500 
2024 1.0 437 
2025 1.0 492 
2026 1.0 412 
2027 1.0 500 
2028 1.0 220 
2029 1.0 375 
2030 1.0 304 
2031 1.0 221 
2032 1.0 500 
2033 1.0 286 
2034 1.0 239 
2035 1.0 313 
2036 1.0 273 
2037 1.0 324 
2038 1.0 269 
2039 1.0 420 
2040 1.0 11 
2041 1.0 294 
2042 1.0 500 
2043 1.0 269 
2044 1.0 281 
2045 1.0 11 
2046 1.0 11 
2047 1.0 215 
2048 1.0 11 
2049 1.0 129 
2050 1.0 179 
2051 1.0 188 
2052 1.0 169 
2053 1.0 294 
2054 1.0 178 
2055 1.0 147 
2056 1.0 387 
2057 1.0 201 
2058 1.0 500 
2059 1.0 85 
2060 1.0 12 
2061 1.0 216 
2062 1.0 37 
2063 1.0 84 
2064 1.0 98 
2065 1.0 185 
2066 1.0 34 
2067 1.0 143 
2068 1.0 375 
2069 1.0 314 
2070 1.0 148 
2071 1.0 381 
2072 1.0 500 
2073 1.0 235 
2074 1.0 280 
2075 1.0 500 
2076 1.0 259 
2077 1.0 14 
2078 1.0 500 
2079 1.0 500 
2080 1.0 500 
2081 1.0 29 
2082 1.0 478 
2083 1.0 422 
2084 1.0 454 
2085 1.0 500 
2086 1.0 210 
2087 1.0 320 
2088 1.0 355 
2089 1.0 245 
2090 1.0 253 
2091 1.0 259 
2092 1.0 308 
2093 1.0 255 
2094 1.0 347 
2095 1.0 308 
2096 1.0 500 
2097 1.0 316 
2098 1.0 500 
2099 1.0 330 
2100 1.0 500 
2101 1.0 183 
2102 1.0 22 
2103 1.0 57 
2104 1.0 139 
2105 1.0 46 
2106 1.0 49 
2107 1.0 81 
2108 1.0 9 
2109 1.0 12 
2110 1.0 12 
2111 1.0 15 
2112 1.0 17 
2113 1.0 20 
2114 1.0 16 
2115 1.0 28 
2116 1.0 106 
2117 1.0 24 
2118 1.0 112 
2119 1.0 75 
2120 1.0 96 
2121 1.0 260 
2122 1.0 142 
2123 1.0 28 
2124 1.0 123 
2125 1.0 122 
2126 1.0 127 
2127 1.0 127 
2128 1.0 104 
2129 1.0 122 
2130 1.0 308 
2131 1.0 127 
2132 1.0 209 
2133 1.0 153 
2134 1.0 162 
2135 1.0 182 
2136 1.0 500 
2137 1.0 95 
2138 1.0 191 
2139 1.0 19 
2140 1.0 15 
2141 1.0 112 
2142 1.0 42 
2143 1.0 21 
2144 1.0 117 
2145 1.0 100 
2146 1.0 112 
2147 1.0 125 
2148 1.0 119 
2149 1.0 14 
2150 1.0 104 
2151 1.0 113 
2152 1.0 345 
2153 1.0 197 
2154 1.0 180 
2155 1.0 454 
2156 1.0 32 
2157 1.0 17 
2158 1.0 15 
2159 1.0 116 
2160 1.0 500 
2161 1.0 500 
2162 1.0 39 
2163 1.0 500 
2164 1.0 207 
2165 1.0 262 
2166 1.0 363 
2167 1.0 251 
2168 1.0 202 
2169 1.0 121 
2170 1.0 491 
2171 1.0 76 
2172 1.0 33 
2173 1.0 55 
2174 1.0 22 
2175 1.0 79 
2176 1.0 84 
2177 1.0 116 
2178 1.0 100 
2179 1.0 94 
2180 1.0 121 
2181 1.0 116 
2182 1.0 138 
2183 1.0 220 
2184 1.0 260 
2185 1.0 500 
2186 1.0 237 
2187 1.0 300 
2188 1.0 314 
2189 1.0 261 
2190 1.0 348 
2191 1.0 149 
2192 1.0 399 
2193 1.0 217 
2194 1.0 160 
2195 1.0 183 
2196 1.0 187 
2197 1.0 129 
2198 1.0 297 
2199 1.0 349 
2200 1.0 295 
2201 1.0 243 
2202 1.0 233 
2203 1.0 210 
2204 1.0 204 
2205 1.0 348 
2206 1.0 275 
2207 1.0 258 
2208 1.0 500 
2209 1.0 257 
2210 1.0 266 
2211 1.0 500 
2212 1.0 499 
2213 1.0 328 
2214 1.0 388 
2215 1.0 378 
2216 1.0 401 
2217 1.0 328 
2218 1.0 500 
2219 1.0 305 
2220 1.0 350 
2221 1.0 136 
2222 1.0 299 
2223 1.0 269 
2224 1.0 226 
2225 1.0 253 
2226 1.0 215 
2227 1.0 212 
2228 1.0 181 
2229 1.0 164 
2230 1.0 237 
2231 1.0 183 
2232 1.0 192 
2233 1.0 135 
2234 1.0 314 
2235 1.0 314 
2236 1.0 500 
2237 1.0 281 
2238 1.0 500 
2239 1.0 378 
2240 1.0 461 
2241 1.0 500 
2242 1.0 500 
2243 1.0 462 
2244 1.0 500 
2245 1.0 500 
2246 1.0 499 
2247 1.0 216 
2248 1.0 365 
2249 1.0 358 
2250 1.0 354 
2251 1.0 286 
2252 1.0 500 
2253 1.0 233 
2254 1.0 373 
2255 1.0 281 
2256 1.0 269 
2257 1.0 500 
2258 1.0 319 
2259 1.0 303 
2260 1.0 288 
2261 1.0 392 
2262 1.0 375 
2263 1.0 270 
2264 1.0 431 
2265 1.0 71 
2266 1.0 500 
2267 1.0 500 
2268 1.0 500 
2269 1.0 302 
2270 1.0 252 
2271 1.0 237 
2272 1.0 385 
2273 1.0 341 
2274 1.0 500 
2275 1.0 294 
2276 1.0 389 
2277 1.0 231 
2278 1.0 224 
2279 1.0 223 
2280 1.0 138 
2281 1.0 233 
2282 1.0 172 
2283 1.0 182 
2284 1.0 180 
2285 1.0 187 
2286 1.0 183 
2287 1.0 202 
2288 1.0 226 
2289 1.0 264 
2290 1.0 221 
2291 1.0 251 
2292 1.0 500 
2293 1.0 252 
2294 1.0 218 
2295 1.0 500 
2296 1.0 314 
2297 1.0 500 
2298 1.0 314 
2299 1.0 231 
2300 1.0 482 
2301 1.0 420 
2302 1.0 350 
2303 1.0 343 
2304 1.0 237 
2305 1.0 500 
2306 1.0 271 
2307 1.0 383 
2308 1.0 258 
2309 1.0 388 
2310 1.0 500 
2311 1.0 500 
2312 1.0 500 
2313 1.0 344 
2314 1.0 428 
2315 1.0 495 
2316 1.0 462 
2317 1.0 500 
2318 1.0 500 
2319 1.0 181 
2320 1.0 391 
2321 1.0 500 
2322 1.0 500 
2323 1.0 260 
2324 1.0 425 
2325 1.0 471 
2326 1.0 391 
2327 1.0 500 
2328 1.0 500 
2329 1.0 261 
2330 1.0 500 
2331 1.0 247 
2332 1.0 277 
2333 1.0 500 
2334 1.0 468 
2335 1.0 279 
2336 1.0 493 
2337 1.0 315 
2338 1.0 299 
2339 1.0 194 
2340 1.0 381 
2341 1.0 254 
2342 1.0 62 
2343 1.0 74 
2344 1.0 73 
2345 1.0 83 
2346 1.0 82 
2347 1.0 170 
2348 1.0 500 
2349 1.0 423 
2350 1.0 272 
2351 1.0 237 
2352 1.0 428 
2353 1.0 130 
2354 1.0 327 
2355 1.0 11 
2356 1.0 219 
2357 1.0 500 
2358 1.0 71 
2359 1.0 8 
2360 1.0 64 
2361 1.0 70 
2362 1.0 196 
2363 1.0 47 
2364 1.0 10 
2365 1.0 9 
2366 1.0 9 
2367 1.0 10 
2368 1.0 10 
2369 1.0 10 
2370 1.0 172 
2371 1.0 70 
2372 1.0 47 
2373 1.0 500 
2374 1.0 279 
2375 1.0 130 
2376 1.0 55 
2377 1.0 148 
2378 1.0 66 
2379 1.0 91 
2380 1.0 50 
2381 1.0 19 
2382 1.0 45 
2383 1.0 143 
2384 1.0 124 
2385 1.0 193 
2386 1.0 124 
2387 1.0 132 
2388 1.0 111 
2389 1.0 113 
2390 1.0 116 
2391 1.0 408 
2392 1.0 333 
2393 1.0 196 
2394 1.0 97 
2395 1.0 127 
2396 1.0 98 
2397 1.0 375 
2398 1.0 500 
2399 1.0 132 
2400 1.0 103 
2401 1.0 183 
2402 1.0 10 
2403 1.0 24 
2404 1.0 15 
2405 1.0 109 
2406 1.0 324 
2407 1.0 123 
2408 1.0 150 
2409 1.0 167 
2410 1.0 14 
2411 1.0 23 
2412 1.0 23 
2413 1.0 124 
2414 1.0 113 
2415 1.0 106 
2416 1.0 96 
2417 1.0 106 
2418 1.0 15 
2419 1.0 25 
2420 1.0 110 
2421 1.0 19 
2422 1.0 33 
2423 1.0 34 
2424 1.0 118 
2425 1.0 102 
2426 1.0 137 
2427 1.0 182 
2428 1.0 12 
2429 1.0 500 
2430 1.0 176 
2431 1.0 167 
2432 1.0 266 
2433 1.0 249 
2434 1.0 189 
2435 1.0 187 
2436 1.0 250 
2437 1.0 187 
2438 1.0 257 
2439 1.0 186 
2440 1.0 179 
2441 1.0 174 
2442 1.0 13 
2443 1.0 93 
2444 1.0 122 
2445 1.0 177 
2446 1.0 166 
2447 1.0 129 
2448 1.0 184 
2449 1.0 172 
2450 1.0 179 
2451 1.0 296 
2452 1.0 191 
2453 1.0 220 
2454 1.0 244 
2455 1.0 235 
2456 1.0 253 
2457 1.0 230 
2458 1.0 237 
2459 1.0 234 
2460 1.0 250 
2461 1.0 203 
2462 1.0 275 
2463 1.0 224 
2464 1.0 177 
2465 1.0 269 
2466 1.0 165 
2467 1.0 487 
2468 1.0 222 
2469 1.0 178 
2470 1.0 196 
2471 1.0 227 
2472 1.0 109 
2473 1.0 500 
2474 1.0 500 
2475 1.0 130 
2476 1.0 134 
2477 1.0 138 
2478 1.0 156 
2479 1.0 500 
2480 1.0 205 
2481 1.0 184 
2482 1.0 356 
2483 1.0 500 
2484 1.0 97 
2485 1.0 251 
2486 1.0 176 
2487 1.0 116 
2488 1.0 500 
2489 1.0 261 
2490 1.0 500 
2491 1.0 210 
2492 1.0 500 
2493 1.0 490 
2494 1.0 10 
2495 1.0 500 
2496 1.0 211 
2497 1.0 400 
2498 1.0 238 
2499 1.0 198 
2500 1.0 216 
2501 1.0 90 
2502 1.0 81 
2503 1.0 113 
2504 1.0 78 
2505 1.0 101 
2506 1.0 108 
2507 1.0 143 
2508 1.0 176 
2509 1.0 163 
2510 1.0 162 
2511 1.0 174 
2512 1.0 162 
2513 1.0 178 
2514 1.0 177 
2515 1.0 163 
2516 1.0 157 
2517 1.0 159 
2518 1.0 120 
2519 1.0 153 
2520 1.0 162 
2521 1.0 193 
2522 1.0 221 
2523 1.0 328 
2524 1.0 332 
2525 1.0 197 
2526 1.0 202 
2527 1.0 189 
2528 1.0 230 
2529 1.0 243 
2530 1.0 228 
2531 1.0 226 
2532 1.0 204 
2533 1.0 206 
2534 1.0 248 
2535 1.0 260 
2536 1.0 225 
2537 1.0 297 
2538 1.0 292 
2539 1.0 136 
2540 1.0 285 
2541 1.0 265 
2542 1.0 240 
2543 1.0 258 
2544 1.0 255 
2545 1.0 304 
2546 1.0 335 
2547 1.0 286 
2548 1.0 438 
2549 1.0 299 
2550 1.0 245 
2551 1.0 249 
2552 1.0 197 
2553 1.0 370 
2554 1.0 341 
2555 1.0 191 
2556 1.0 500 
2557 1.0 217 
2558 1.0 328 
2559 1.0 284 
2560 1.0 225 
2561 1.0 114 
2562 1.0 252 
2563 1.0 289 
2564 1.0 272 
2565 1.0 207 
2566 1.0 87 
2567 1.0 154 
2568 1.0 444 
2569 1.0 311 
2570 1.0 119 
2571 1.0 295 
2572 1.0 175 
2573 1.0 372 
2574 1.0 247 
2575 1.0 258 
2576 1.0 269 
2577 1.0 500 
2578 1.0 500 
2579 1.0 29 
2580 1.0 500 
2581 1.0 153 
2582 1.0 89 
2583 1.0 136 
2584 1.0 181 
2585 1.0 154 
2586 1.0 151 
2587 1.0 157 
2588 1.0 138 
2589 1.0 164 
2590 1.0 175 
2591 1.0 229 
2592 1.0 177 
2593 1.0 144 
2594 1.0 171 
2595 1.0 181 
2596 1.0 177 
2597 1.0 178 
2598 1.0 124 
2599 1.0 161 
2600 1.0 179 
2601 1.0 120 
2602 1.0 239 
2603 1.0 160 
2604 1.0 241 
2605 1.0 354 
2606 1.0 318 
2607 1.0 447 
2608 1.0 500 
2609 1.0 246 
2610 1.0 365 
2611 1.0 230 
2612 1.0 319 
2613 1.0 500 
2614 1.0 500 
2615 1.0 298 
2616 1.0 500 
2617 1.0 333 
2618 1.0 348 
2619 1.0 242 
2620 1.0 136 
2621 1.0 225 
2622 1.0 433 
2623 1.0 345 
2624 1.0 500 
2625 1.0 67 
2626 1.0 500 
2627 1.0 179 
2628 1.0 311 
2629 1.0 307 
2630 1.0 426 
2631 1.0 500 
2632 1.0 500 
2633 1.0 308 
2634 1.0 279 
2635 1.0 269 
2636 1.0 271 
2637 1.0 254 
2638 1.0 423 
2639 1.0 86 
2640 1.0 181 
2641 1.0 182 
2642 1.0 139 
2643 1.0 189 
2644 1.0 210 
2645 1.0 278 
2646 1.0 216 
2647 1.0 193 
2648 1.0 433 
2649 1.0 162 
2650 1.0 247 
2651 1.0 255 
2652 1.0 215 
2653 1.0 320 
2654 1.0 193 
2655 1.0 282 
2656 1.0 314 
2657 1.0 248 
2658 1.0 241 
2659 1.0 227 
2660 1.0 260 
2661 1.0 225 
2662 1.0 221 
2663 1.0 219 
2664 1.0 500 
2665 1.0 167 
2666 1.0 211 
2667 1.0 193 
2668 1.0 300 
2669 1.0 500 
2670 1.0 214 
2671 1.0 500 
2672 1.0 321 
2673 1.0 246 
2674 1.0 245 
2675 1.0 243 
2676 1.0 359 
2677 1.0 500 
2678 1.0 500 
2679 1.0 254 
2680 1.0 315 
2681 1.0 439 
2682 1.0 16 
2683 1.0 138 
2684 1.0 500 
2685 1.0 191 
2686 1.0 199 
2687 1.0 193 
2688 1.0 161 
2689 1.0 191 
2690 1.0 243 
2691 1.0 135 
2692 1.0 343 
2693 1.0 238 
2694 1.0 185 
2695 1.0 9 
2696 1.0 453 
2697 1.0 169 
2698 1.0 147 
2699 1.0 124 
2700 1.0 198 
2701 1.0 128 
2702 1.0 137 
2703 1.0 141 
2704 1.0 93 
2705 1.0 147 
2706 1.0 105 
2707 1.0 132 
2708 1.0 137 
2709 1.0 193 
2710 1.0 146 
2711 1.0 150 
2712 1.0 14 
2713 1.0 107 
2714 1.0 359 
2715 1.0 126 
2716 1.0 131 
2717 1.0 135 
2718 1.0 91 
2719 1.0 112 
2720 1.0 186 
2721 1.0 83 
2722 1.0 87 
2723 1.0 90 
2724 1.0 81 
2725 1.0 109 
2726 1.0 109 
2727 1.0 195 
2728 1.0 103 
2729 1.0 126 
2730 1.0 134 
2731 1.0 92 
2732 1.0 100 
2733 1.0 112 
2734 1.0 147 
2735 1.0 147 
2736 1.0 146 
2737 1.0 162 
2738 1.0 500 
2739 1.0 172 
2740 1.0 138 
2741 1.0 124 
2742 1.0 116 
2743 1.0 126 
2744 1.0 122 
2745 1.0 144 
2746 1.0 126 
2747 1.0 148 
2748 1.0 140 
2749 1.0 158 
2750 1.0 164 
2751 1.0 129 
2752 1.0 118 
2753 1.0 218 
2754 1.0 197 
2755 1.0 500 
2756 1.0 500 
2757 1.0 167 
2758 1.0 196 
2759 1.0 25 
2760 1.0 9 
2761 1.0 92 
2762 1.0 279 
2763 1.0 251 
2764 1.0 155 
2765 1.0 500 
2766 1.0 500 
2767 1.0 500 
2768 1.0 276 
2769 1.0 258 
2770 1.0 354 
2771 1.0 371 
2772 1.0 264 
2773 1.0 201 
2774 1.0 500 
2775 1.0 255 
2776 1.0 168 
2777 1.0 256 
2778 1.0 265 
2779 1.0 305 
2780 1.0 244 
2781 1.0 245 
2782 1.0 500 
2783 1.0 175 
2784 1.0 144 
2785 1.0 500 
2786 1.0 243 
2787 1.0 265 
2788 1.0 218 
2789 1.0 14 
2790 1.0 122 
2791 1.0 500 
2792 1.0 500 
2793 1.0 500 
2794 1.0 500 
2795 1.0 500 
2796 1.0 500 
2797 1.0 500 
2798 1.0 500 
2799 1.0 500 
2800 1.0 500 
2801 1.0 500 
2802 1.0 495 
2803 1.0 500 
2804 1.0 123 
2805 1.0 500 
2806 1.0 448 
2807 1.0 316 
2808 1.0 316 
2809 1.0 259 
2810 1.0 500 
2811 1.0 206 
2812 1.0 290 
2813 1.0 299 
2814 1.0 254 
2815 1.0 310 
2816 1.0 309 
2817 1.0 399 
2818 1.0 302 
2819 1.0 45 
2820 1.0 18 
2821 1.0 106 
2822 1.0 179 
2823 1.0 172 
2824 1.0 13 
2825 1.0 21 
2826 1.0 11 
2827 1.0 99 
2828 1.0 109 
2829 1.0 134 
2830 1.0 158 
2831 1.0 239 
2832 1.0 258 
2833 1.0 208 
2834 1.0 267 
2835 1.0 270 
2836 1.0 233 
2837 1.0 383 
2838 1.0 323 
2839 1.0 202 
2840 1.0 238 
2841 1.0 360 
2842 1.0 264 
2843 1.0 279 
2844 1.0 367 
2845 1.0 267 
2846 1.0 234 
2847 1.0 248 
2848 1.0 297 
2849 1.0 500 
2850 1.0 404 
2851 1.0 339 
2852 1.0 500 
2853 1.0 438 
2854 1.0 440 
2855 1.0 290 
2856 1.0 211 
2857 1.0 231 
2858 1.0 299 
2859 1.0 205 
2860 1.0 500 
2861 1.0 373 
2862 1.0 426 
2863 1.0 9 
2864 1.0 379 
2865 1.0 353 
2866 1.0 500 
2867 1.0 500 
2868 1.0 500 
2869 1.0 500 
2870 1.0 414 
2871 1.0 120 
2872 1.0 30 
2873 1.0 500 
2874 1.0 394 
2875 1.0 421 
2876 1.0 403 
2877 1.0 462 
2878 1.0 500 
2879 1.0 500 
2880 1.0 324 
2881 1.0 192 
2882 1.0 219 
2883 1.0 437 
2884 1.0 386 
2885 1.0 299 
2886 1.0 500 
2887 1.0 500 
2888 1.0 375 
2889 1.0 383 
2890 1.0 389 
2891 1.0 500 
2892 1.0 436 
2893 1.0 142 
2894 1.0 228 
2895 1.0 311 
2896 1.0 499 
2897 1.0 353 
2898 1.0 331 
2899 1.0 290 
2900 1.0 330 
2901 1.0 431 
2902 1.0 315 
2903 1.0 362 
2904 1.0 415 
2905 1.0 500 
2906 1.0 324 
2907 1.0 500 
2908 1.0 354 
2909 1.0 500 
2910 1.0 356 
2911 1.0 380 
2912 1.0 500 
2913 1.0 500 
2914 1.0 160 
2915 1.0 311 
2916 1.0 338 
2917 1.0 500 
2918 1.0 500 
2919 1.0 357 
2920 1.0 500 
2921 1.0 500 
2922 1.0 386 
2923 1.0 500 
2924 1.0 500 
2925 1.0 500 
2926 1.0 390 
2927 1.0 500 
2928 1.0 500 
2929 1.0 226 
2930 1.0 412 
2931 1.0 322 
2932 1.0 189 
2933 1.0 500 
2934 1.0 500 
2935 1.0 500 
2936 1.0 201 
2937 1.0 500 
2938 1.0 500 
2939 1.0 500 
2940 1.0 236 
2941 1.0 338 
2942 1.0 99 
2943 1.0 107 
2944 1.0 190 
2945 1.0 206 
2946 1.0 326 
2947 1.0 296 
2948 1.0 9 
2949 1.0 277 
2950 1.0 247 
2951 1.0 314 
2952 1.0 206 
2953 1.0 333 
2954 1.0 63 
2955 1.0 61 
2956 1.0 10 
2957 1.0 500 
2958 1.0 500 
2959 1.0 500 
2960 1.0 454 
2961 1.0 257 
2962 1.0 297 
2963 1.0 151 
2964 1.0 500 
2965 1.0 500 
2966 1.0 500 
2967 1.0 500 
2968 1.0 500 
2969 1.0 434 
2970 1.0 500 
2971 1.0 201 
2972 1.0 500 
2973 1.0 500 
2974 1.0 276 
2975 1.0 100 
2976 1.0 470 
2977 1.0 500 
2978 1.0 500 
2979 1.0 500 
2980 1.0 500 
2981 1.0 500 
2982 1.0 488 
2983 1.0 262 
2984 1.0 374 
2985 1.0 346 
2986 1.0 416 
2987 1.0 392 
2988 1.0 10 
2989 1.0 9 
2990 1.0 22 
2991 1.0 10 
2992 1.0 9 
2993 1.0 25 
2994 1.0 63 
2995 1.0 172 
2996 1.0 64 
2997 1.0 500 
2998 1.0 286 
2999 1.0 500 
3000 1.0 500 
3001 1.0 283 
3002 1.0 13 
3003 1.0 16 
3004 1.0 193 
3005 1.0 269 
3006 1.0 500 
3007 1.0 382 
3008 1.0 467 
3009 1.0 498 
3010 1.0 500 
3011 1.0 500 
3012 1.0 500 
3013 1.0 500 
3014 1.0 500 
3015 1.0 500 
3016 1.0 500 
3017 1.0 246 
3018 1.0 381 
3019 1.0 465 
3020 1.0 348 
3021 1.0 428 
3022 1.0 276 
3023 1.0 129 
3024 1.0 155 
3025 1.0 149 
3026 1.0 110 
3027 1.0 129 
3028 1.0 136 
3029 1.0 138 
3030 1.0 142 
3031 1.0 12 
3032 1.0 103 
3033 1.0 134 
3034 1.0 99 
3035 1.0 101 
3036 1.0 118 
3037 1.0 125 
3038 1.0 133 
3039 1.0 121 
3040 1.0 127 
3041 1.0 156 
3042 1.0 171 
3043 1.0 146 
3044 1.0 172 
3045 1.0 225 
3046 1.0 176 
3047 1.0 158 
3048 1.0 206 
3049 1.0 220 
3050 1.0 377 
3051 1.0 9 
3052 1.0 10 
3053 1.0 12 
3054 1.0 147 
3055 1.0 176 
3056 1.0 212 
3057 1.0 272 
3058 1.0 11 
3059 1.0 235 
3060 1.0 309 
3061 1.0 237 
3062 1.0 271 
3063 1.0 342 
3064 1.0 488 
3065 1.0 106 
3066 1.0 500 
3067 1.0 500 
3068 1.0 39 
3069 1.0 138 
3070 1.0 500 
3071 1.0 107 
3072 1.0 227 
3073 1.0 500 
3074 1.0 500 
3075 1.0 500 
3076 1.0 500 
3077 1.0 500 
3078 1.0 500 
3079 1.0 116 
3080 1.0 500 
3081 1.0 500 
3082 1.0 500 
3083 1.0 500 
3084 1.0 382 
3085 1.0 16 
3086 1.0 10 
3087 1.0 500 
3088 1.0 500 
3089 1.0 209 
3090 1.0 447 
3091 1.0 500 
3092 1.0 500 
3093 1.0 500 
3094 1.0 212 
3095 1.0 176 
3096 1.0 185 
3097 1.0 200 
3098 1.0 405 
3099 1.0 242 
3100 1.0 223 
3101 1.0 253 
3102 1.0 271 
3103 1.0 265 
3104 1.0 263 
3105 1.0 237 
3106 1.0 216 
3107 1.0 444 
3108 1.0 362 
3109 1.0 270 
3110 1.0 266 
3111 1.0 273 
3112 1.0 362 
3113 1.0 221 
3114 1.0 236 
3115 1.0 343 
3116 1.0 401 
3117 1.0 257 
3118 1.0 251 
3119 1.0 255 
3120 1.0 279 
3121 1.0 261 
3122 1.0 321 
3123 1.0 237 
3124 1.0 500 
3125 1.0 295 
3126 1.0 274 
3127 1.0 343 
3128 1.0 307 
3129 1.0 361 
3130 1.0 91 
3131 1.0 372 
3132 1.0 188 
3133 1.0 244 
3134 1.0 286 
3135 1.0 361 
3136 1.0 345 
3137 1.0 339 
3138 1.0 376 
3139 1.0 342 
3140 1.0 240 
3141 1.0 174 
3142 1.0 394 
3143 1.0 500 
3144 1.0 398 
3145 1.0 372 
3146 1.0 500 
3147 1.0 155 
3148 1.0 256 
3149 1.0 257 
3150 1.0 350 
3151 1.0 255 
3152 1.0 266 
3153 1.0 269 
3154 1.0 433 
3155 1.0 270 
3156 1.0 234 
3157 1.0 338 
3158 1.0 308 
3159 1.0 365 
3160 1.0 252 
3161 1.0 250 
3162 1.0 336 
3163 1.0 321 
3164 1.0 324 
3165 1.0 322 
3166 1.0 412 
3167 1.0 320 
3168 1.0 401 
3169 1.0 378 
3170 1.0 500 
3171 1.0 500 
3172 1.0 358 
3173 1.0 356 
3174 1.0 369 
3175 1.0 399 
3176 1.0 500 
3177 1.0 249 
3178 1.0 485 
3179 1.0 408 
3180 1.0 438 
3181 1.0 399 
3182 1.0 500 
3183 1.0 384 
3184 1.0 500 
3185 1.0 10 
3186 1.0 206 
3187 1.0 129 
3188 1.0 461 
3189 1.0 87 
3190 1.0 201 
3191 1.0 241 
3192 1.0 215 
3193 1.0 197 
3194 1.0 333 
3195 1.0 295 
3196 1.0 475 
3197 1.0 500 
3198 1.0 429 
3199 1.0 500 
3200 1.0 160 
3201 1.0 11 
3202 1.0 9 
3203 1.0 137 
3204 1.0 118 
3205 1.0 170 
3206 1.0 156 
3207 1.0 168 
3208 1.0 166 
3209 1.0 146 
3210 1.0 165 
3211 1.0 159 
3212 1.0 116 
3213 1.0 9 
3214 1.0 193 
3215 1.0 288 
3216 1.0 266 
3217 1.0 253 
3218 1.0 242 
3219 1.0 334 
3220 1.0 349 
3221 1.0 279 
3222 1.0 325 
3223 1.0 293 
3224 1.0 193 
3225 1.0 127 
3226 1.0 165 
3227 1.0 149 
3228 1.0 300 
3229 1.0 169 
3230 1.0 8 
3231 1.0 11 
3232 1.0 10 
3233 1.0 500 
3234 1.0 500 
3235 1.0 500 
3236 1.0 459 
3237 1.0 11 
3238 1.0 180 
3239 1.0 370 
3240 1.0 392 
3241 1.0 459 
3242 1.0 420 
3243 1.0 377 
3244 1.0 372 
3245 1.0 254 
3246 1.0 386 
3247 1.0 365 
3248 1.0 320 
3249 1.0 478 
3250 1.0 371 
3251 1.0 142 
3252 1.0 500 
3253 1.0 327 
3254 1.0 360 
3255 1.0 304 
3256 1.0 435 
3257 1.0 488 
3258 1.0 489 
3259 1.0 351 
3260 1.0 350 
3261 1.0 491 
3262 1.0 500 
3263 1.0 432 
3264 1.0 383 
3265 1.0 374 
3266 1.0 327 
3267 1.0 500 
3268 1.0 373 
3269 1.0 346 
3270 1.0 500 
3271 1.0 487 
3272 1.0 409 
3273 1.0 351 
3274 1.0 424 
3275 1.0 500 
3276 1.0 368 
3277 1.0 500 
3278 1.0 500 
3279 1.0 360 
3280 1.0 321 
3281 1.0 334 
3282 1.0 312 
3283 1.0 192 
3284 1.0 500 
3285 1.0 449 
3286 1.0 427 
3287 1.0 500 
3288 1.0 500 
3289 1.0 452 
3290 1.0 448 
3291 1.0 413 
3292 1.0 114 
3293 1.0 14 
3294 1.0 172 
3295 1.0 384 
3296 1.0 344 
3297 1.0 363 
3298 1.0 315 
3299 1.0 371 
3300 1.0 348 
3301 1.0 297 
3302 1.0 291 
3303 1.0 327 
3304 1.0 360 
3305 1.0 309 
3306 1.0 399 
3307 1.0 392 
3308 1.0 314 
3309 1.0 164 
3310 1.0 468 
3311 1.0 500 
3312 1.0 500 
3313 1.0 500 
3314 1.0 434 
3315 1.0 500 
3316 1.0 354 
3317 1.0 500 
3318 1.0 9 
3319 1.0 138 
3320 1.0 177 
3321 1.0 365 
3322 1.0 307 
3323 1.0 269 
3324 1.0 500 
3325 1.0 407 
3326 1.0 421 
3327 1.0 331 
3328 1.0 255 
3329 1.0 9 
3330 1.0 395 
3331 1.0 276 
3332 1.0 166 
3333 1.0 117 
3334 1.0 114 
3335 1.0 128 
3336 1.0 127 
3337 1.0 132 
3338 1.0 142 
3339 1.0 155 
3340 1.0 144 
3341 1.0 160 
3342 1.0 141 
3343 1.0 163 
3344 1.0 162 
3345 1.0 500 
3346 1.0 317 
3347 1.0 278 
3348 1.0 202 
3349 1.0 155 
3350 1.0 140 
3351 1.0 500 
3352 1.0 500 
3353 1.0 206 
3354 1.0 163 
3355 1.0 201 
3356 1.0 103 
3357 1.0 125 
3358 1.0 139 
3359 1.0 109 
3360 1.0 500 
3361 1.0 261 
3362 1.0 191 
3363 1.0 203 
3364 1.0 182 
3365 1.0 500 
3366 1.0 500 
3367 1.0 310 
3368 1.0 500 
3369 1.0 500 
3370 1.0 500 
3371 1.0 129 
3372 1.0 129 
3373 1.0 216 
3374 1.0 500 
3375 1.0 500 
3376 1.0 500 
3377 1.0 500 
3378 1.0 500 
3379 1.0 241 
3380 1.0 500 
3381 1.0 500 
3382 1.0 500 
3383 1.0 493 
3384 1.0 500 
3385 1.0 500 
3386 1.0 500 
3387 1.0 500 
3388 1.0 500 
3389 1.0 500 
3390 1.0 500 
3391 1.0 443 
3392 1.0 500 
3393 1.0 397 
3394 1.0 161 
3395 1.0 479 
3396 1.0 249 
3397 1.0 228 
3398 1.0 500 
3399 1.0 500 
3400 1.0 500 
3401 1.0 394 
3402 1.0 500 
3403 1.0 500 
3404 1.0 500 
3405 1.0 9 
3406 1.0 500 
3407 1.0 500 
3408 1.0 500 
3409 1.0 500 
3410 1.0 201 
3411 1.0 500 
3412 1.0 500 
3413 1.0 500 
3414 1.0 500 
3415 1.0 387 
3416 1.0 500 
3417 1.0 500 
3418 1.0 500 
3419 1.0 500 
3420 1.0 500 
3421 1.0 500 
3422 1.0 500 
3423 1.0 267 
3424 1.0 500 
3425 1.0 493 
3426 1.0 436 
3427 1.0 371 
3428 1.0 368 
3429 1.0 500 
3430 1.0 111 
3431 1.0 103 
3432 1.0 500 
3433 1.0 500 
3434 1.0 500 
3435 1.0 500 
3436 1.0 387 
3437 1.0 476 
3438 1.0 392 
3439 1.0 500 
3440 1.0 500 
3441 1.0 500 
3442 1.0 500 
3443 1.0 383 
3444 1.0 500 
3445 1.0 500 
3446 1.0 470 
3447 1.0 500 
3448 1.0 500 
3449 1.0 500 
3450 1.0 320 
3451 1.0 445 
3452 1.0 348 
3453 1.0 500 
3454 1.0 382 
3455 1.0 500 
3456 1.0 500 
3457 1.0 500 
3458 1.0 435 
3459 1.0 500 
3460 1.0 500 
3461 1.0 500 
3462 1.0 500 
3463 1.0 457 
3464 1.0 500 
3465 1.0 338 
3466 1.0 500 
3467 1.0 500 
3468 1.0 378 
3469 1.0 500 
3470 1.0 497 
3471 1.0 476 
3472 1.0 164 
3473 1.0 201 
3474 1.0 500 
3475 1.0 500 
3476 1.0 461 
3477 1.0 500 
3478 1.0 500 
3479 1.0 498 
3480 1.0 500 
3481 1.0 500 
3482 1.0 500 
3483 1.0 14 
3484 1.0 500 
3485 1.0 355 
3486 1.0 430 
3487 1.0 333 
3488 1.0 290 
3489 1.0 367 
3490 1.0 375 
3491 1.0 500 
3492 1.0 383 
3493 1.0 500 
3494 1.0 500 
3495 1.0 500 
3496 1.0 8 
3497 1.0 500 
3498 1.0 283 
3499 1.0 272 
3500 1.0 500 
3501 1.0 500 
3502 1.0 394 
3503 1.0 500 
3504 1.0 500 
3505 1.0 198 
3506 1.0 133 
3507 1.0 137 
3508 1.0 135 
3509 1.0 148 
3510 1.0 144 
3511 1.0 174 
3512 1.0 288 
3513 1.0 124 
3514 1.0 22 
3515 1.0 109 
3516 1.0 129 
3517 1.0 16 
3518 1.0 141 
3519 1.0 361 
3520 1.0 185 
3521 1.0 102 
3522 1.0 11 
3523 1.0 11 
3524 1.0 12 
3525 1.0 105 
3526 1.0 9 
3527 1.0 9 
3528 1.0 11 
3529 1.0 11 
3530 1.0 12 
3531 1.0 16 
3532 1.0 133 
3533 1.0 12 
3534 1.0 12 
3535 1.0 11 
3536 1.0 10 
3537 1.0 14 
3538 1.0 14 
3539 1.0 15 
3540 1.0 18 
3541 1.0 15 
3542 1.0 100 
3543 1.0 110 
3544 1.0 117 
3545 1.0 128 
3546 1.0 151 
3547 1.0 9 
3548 1.0 16 
3549 1.0 98 
3550 1.0 21 
3551 1.0 112 
3552 1.0 173 
3553 1.0 16 
3554 1.0 18 
3555 1.0 20 
3556 1.0 104 
3557 1.0 125 
3558 1.0 130 
3559 1.0 117 
3560 1.0 121 
3561 1.0 164 
3562 1.0 500 
3563 1.0 133 
3564 1.0 15 
3565 1.0 158 
3566 1.0 383 
3567 1.0 17 
3568 1.0 194 
3569 1.0 171 
3570 1.0 382 
3571 1.0 500 
3572 1.0 104 
3573 1.0 23 
3574 1.0 119 
3575 1.0 135 
3576 1.0 227 
3577 1.0 189 
3578 1.0 164 
3579 1.0 144 
3580 1.0 141 
3581 1.0 500 
3582 1.0 500 
3583 1.0 500 
3584 1.0 500 
3585 1.0 361 
3586 1.0 294 
3587 1.0 145 
3588 1.0 500 
3589 1.0 500 
3590 1.0 347 
3591 1.0 500 
3592 1.0 500 
3593 1.0 500 
3594 1.0 500 
3595 1.0 500 
3596 1.0 161 
3597 1.0 395 
3598 1.0 500 
3599 1.0 500 
3600 1.0 253 
3601 1.0 347 
3602 1.0 324 
3603 1.0 291 
3604 1.0 424 
3605 1.0 428 
3606 1.0 432 
3607 1.0 500 
3608 1.0 500 
3609 1.0 466 
3610 1.0 500 
3611 1.0 118 
3612 1.0 500 
3613 1.0 387 
3614 1.0 137 
3615 1.0 226 
3616 1.0 500 
3617 1.0 500 
3618 1.0 500 
3619 1.0 500 
3620 1.0 500 
3621 1.0 481 
3622 1.0 500 
3623 1.0 500 
3624 1.0 500 
3625 1.0 500 
3626 1.0 500 
3627 1.0 500 
3628 1.0 500 
3629 1.0 500 
3630 1.0 500 
3631 1.0 500 
3632 1.0 500 
3633 1.0 500 
3634 1.0 500 
3635 1.0 500 
3636 1.0 500 
3637 1.0 185 
3638 1.0 314 
3639 1.0 440 
3640 1.0 500 
3641 1.0 350 
3642 1.0 450 
3643 1.0 453 
3644 1.0 168 
3645 1.0 292 
3646 1.0 494 
3647 1.0 500 
3648 1.0 500 
3649 1.0 500 
3650 1.0 112 
3651 1.0 500 
3652 1.0 500 
3653 1.0 386 
3654 1.0 500 
3655 1.0 483 
3656 1.0 455 
3657 1.0 453 
3658 1.0 301 
3659 1.0 500 
3660 1.0 500 
3661 1.0 500 
3662 1.0 500 
3663 1.0 500 
3664 1.0 500 
3665 1.0 500 
3666 1.0 500 
3667 1.0 500 
3668 1.0 500 
3669 1.0 500 
3670 1.0 500 
3671 1.0 500 
3672 1.0 175 
3673 1.0 378 
3674 1.0 359 
3675 1.0 500 
3676 1.0 321 
3677 1.0 383 
3678 1.0 432 
3679 1.0 500 
3680 1.0 482 
3681 1.0 500 
3682 1.0 500 
3683 1.0 500 
3684 1.0 500 
3685 1.0 446 
3686 1.0 500 
3687 1.0 500 
3688 1.0 500 
3689 1.0 488 
3690 1.0 500 
3691 1.0 500 
3692 1.0 500 
3693 1.0 421 
3694 1.0 500 
3695 1.0 500 
3696 1.0 500 
3697 1.0 500 
3698 1.0 184 
3699 1.0 360 
3700 1.0 500 
3701 1.0 500 
3702 1.0 500 
3703 1.0 500 
3704 1.0 500 
3705 1.0 500 
3706 1.0 500 
3707 1.0 500 
3708 1.0 500 
3709 1.0 500 
3710 1.0 500 
3711 1.0 500 
3712 1.0 500 
3713 1.0 500 
3714 1.0 500 
3715 1.0 500 
3716 1.0 500 
3717 1.0 282 
3718 1.0 182 
3719 1.0 500 
3720 1.0 500 
3721 1.0 500 
3722 1.0 500 
3723 1.0 183 
3724 1.0 500 
3725 1.0 500 
3726 1.0 142 
3727 1.0 500 
3728 1.0 500 
3729 1.0 500 
3730 1.0 500 
3731 1.0 500 
3732 1.0 500 
3733 1.0 370 
3734 1.0 500 
3735 1.0 500 
3736 1.0 500 
3737 1.0 500 
3738 1.0 500 
3739 1.0 500 
3740 1.0 500 
3741 1.0 500 
3742 1.0 500 
3743 1.0 500 
3744 1.0 500 
3745 1.0 500 
3746 1.0 500 
3747 1.0 500 
3748 1.0 127 
3749 1.0 129 
3750 1.0 250 
3751 1.0 191 
3752 1.0 158 
3753 1.0 134 
3754 1.0 134 
3755 1.0 145 
3756 1.0 145 
3757 1.0 124 
3758 1.0 171 
3759 1.0 177 
3760 1.0 193 
3761 1.0 134 
3762 1.0 165 
3763 1.0 500 
3764 1.0 253 
3765 1.0 291 
3766 1.0 119 
3767 1.0 500 
3768 1.0 500 
3769 1.0 432 
3770 1.0 500 
3771 1.0 343 
3772 1.0 500 
3773 1.0 500 
3774 1.0 500 
3775 1.0 500 
3776 1.0 208 
3777 1.0 500 
3778 1.0 500 
3779 1.0 447 
3780 1.0 500 
3781 1.0 500 
3782 1.0 487 
3783 1.0 500 
3784 1.0 160 
3785 1.0 500 
3786 1.0 500 
3787 1.0 500 
3788 1.0 401 
3789 1.0 124 
3790 1.0 500 
3791 1.0 500 
3792 1.0 500 
3793 1.0 500 
3794 1.0 491 
3795 1.0 500 
3796 1.0 500 
3797 1.0 500 
3798 1.0 500 
3799 1.0 500 
3800 1.0 500 
3801 1.0 487 
3802 1.0 405 
3803 1.0 500 
3804 1.0 500 
3805 1.0 173 
3806 1.0 125 
3807 1.0 170 
3808 1.0 298 
3809 1.0 158 
3810 1.0 10 
3811 1.0 328 
3812 1.0 108 
3813 1.0 207 
3814 1.0 197 
3815 1.0 259 
3816 1.0 147 
3817 1.0 500 
3818 1.0 146 
3819 1.0 500 
3820 1.0 500 
3821 1.0 349 
3822 1.0 500 
3823 1.0 372 
3824 1.0 177 
3825 1.0 16 
3826 1.0 144 
3827 1.0 500 
3828 1.0 500 
3829 1.0 500 
3830 1.0 500 
3831 1.0 180 
3832 1.0 364 
3833 1.0 500 
3834 1.0 500 
3835 1.0 500 
3836 1.0 386 
3837 1.0 483 
3838 1.0 448 
3839 1.0 500 
3840 1.0 500 
3841 1.0 390 
3842 1.0 500 
3843 1.0 500 
3844 1.0 500 
3845 1.0 500 
3846 1.0 500 
3847 1.0 500 
3848 1.0 500 
3849 1.0 500 
3850 1.0 500 
3851 1.0 500 
3852 1.0 500 
3853 1.0 12 
3854 1.0 74 
3855 1.0 265 
3856 1.0 241 
3857 1.0 287 
3858 1.0 391 
3859 1.0 399 
3860 1.0 251 
3861 1.0 81 
3862 1.0 235 
3863 1.0 368 
3864 1.0 233 
3865 1.0 166 
3866 1.0 254 
3867 1.0 235 
3868 1.0 379 
3869 1.0 377 
3870 1.0 66 
3871 1.0 215 
3872 1.0 500 
3873 1.0 500 
3874 1.0 500 
3875 1.0 114 
3876 1.0 189 
3877 1.0 500 
3878 1.0 500 
3879 1.0 500 
3880 1.0 500 
3881 1.0 409 
3882 1.0 500 
3883 1.0 500 
3884 1.0 500 
3885 1.0 500 
3886 1.0 408 
3887 1.0 369 
3888 1.0 242 
3889 1.0 342 
3890 1.0 421 
3891 1.0 495 
3892 1.0 393 
3893 1.0 500 
3894 1.0 500 
3895 1.0 283 
3896 1.0 422 
3897 1.0 343 
3898 1.0 500 
3899 1.0 500 
3900 1.0 94 
3901 1.0 222 
3902 1.0 229 
3903 1.0 255 
3904 1.0 239 
3905 1.0 12 
3906 1.0 99 
3907 1.0 176 
3908 1.0 266 
3909 1.0 208 
3910 1.0 245 
3911 1.0 298 
3912 1.0 406 
3913 1.0 500 
3914 1.0 327 
3915 1.0 414 
3916 1.0 276 
3917 1.0 500 
3918 1.0 366 
3919 1.0 472 
3920 1.0 300 
3921 1.0 500 
3922 1.0 500 
3923 1.0 500 
3924 1.0 500 
3925 1.0 500 
3926 1.0 412 
3927 1.0 278 
3928 1.0 290 
3929 1.0 252 
3930 1.0 276 
3931 1.0 500 
3932 1.0 500 
3933 1.0 292 
3934 1.0 252 
3935 1.0 337 
3936 1.0 493 
3937 1.0 500 
3938 1.0 405 
3939 1.0 500 
3940 1.0 500 
3941 1.0 500 
3942 1.0 500 
3943 1.0 25 
3944 1.0 500 
3945 1.0 223 
3946 1.0 245 
3947 1.0 405 
3948 1.0 318 
3949 1.0 462 
3950 1.0 95 
3951 1.0 8 
3952 1.0 14 
3953 1.0 134 
3954 1.0 168 
3955 1.0 245 
3956 1.0 231 
3957 1.0 251 
3958 1.0 270 
3959 1.0 278 
3960 1.0 298 
3961 1.0 212 
3962 1.0 211 
3963 1.0 149 
3964 1.0 213 
3965 1.0 238 
3966 1.0 282 
3967 1.0 337 
3968 1.0 252 
3969 1.0 321 
3970 1.0 307 
3971 1.0 269 
3972 1.0 500 
3973 1.0 500 
3974 1.0 382 
3975 1.0 500 
3976 1.0 500 
3977 1.0 500 
3978 1.0 500 
3979 1.0 500 
3980 1.0 336 
3981 1.0 500 
3982 1.0 425 
3983 1.0 459 
3984 1.0 500 
3985 1.0 310 
3986 1.0 500 
3987 1.0 500 
3988 1.0 157 
3989 1.0 423 
3990 1.0 500 
3991 1.0 144 
3992 1.0 425 
3993 1.0 500 
3994 1.0 500 
3995 1.0 500 
3996 1.0 500 
3997 1.0 500 
3998 1.0 500 
3999 1.0 97 
4000 1.0 124 
4001 1.0 147 
4002 1.0 170 
4003 1.0 163 
4004 1.0 195 
4005 1.0 181 
4006 1.0 180 
4007 1.0 142 
4008 1.0 137 
4009 1.0 106 
4010 1.0 129 
4011 1.0 189 
4012 1.0 186 
4013 1.0 389 
4014 1.0 172 
4015 1.0 200 
4016 1.0 262 
4017 1.0 185 
4018 1.0 195 
4019 1.0 163 
4020 1.0 205 
4021 1.0 179 
4022 1.0 172 
4023 1.0 196 
4024 1.0 155 
4025 1.0 229 
4026 1.0 230 
4027 1.0 419 
4028 1.0 282 
4029 1.0 388 
4030 1.0 217 
4031 1.0 383 
4032 1.0 304 
4033 1.0 274 
4034 1.0 385 
4035 1.0 278 
4036 1.0 430 
4037 1.0 259 
4038 1.0 399 
4039 1.0 383 
4040 1.0 500 
4041 1.0 500 
4042 1.0 386 
4043 1.0 500 
4044 1.0 284 
4045 1.0 459 
4046 1.0 419 
4047 1.0 500 
4048 1.0 388 
4049 1.0 500 
4050 1.0 500 
4051 1.0 403 
4052 1.0 378 
4053 1.0 270 
4054 1.0 274 
4055 1.0 135 
4056 1.0 354 
4057 1.0 475 
4058 1.0 406 
4059 1.0 316 
4060 1.0 500 
4061 1.0 467 
4062 1.0 178 
4063 1.0 491 
4064 1.0 277 
4065 1.0 310 
4066 1.0 258 
4067 1.0 345 
4068 1.0 369 
4069 1.0 500 
4070 1.0 212 
4071 1.0 121 
4072 1.0 263 
4073 1.0 197 
4074 1.0 174 
4075 1.0 209 
4076 1.0 302 
4077 1.0 286 
4078 1.0 369 
4079 1.0 372 
4080 1.0 120 
4081 1.0 238 
4082 1.0 500 
4083 1.0 500 
4084 1.0 384 
4085 1.0 347 
4086 1.0 385 
4087 1.0 500 
4088 1.0 321 
4089 1.0 353 
4090 1.0 349 
4091 1.0 314 
4092 1.0 343 
4093 1.0 384 
4094 1.0 127 
4095 1.0 261 
4096 1.0 461 
4097 1.0 195 
4098 1.0 182 
4099 1.0 285 
4100 1.0 323 
4101 1.0 291 
4102 1.0 245 
4103 1.0 379 
4104 1.0 242 
4105 1.0 211 
4106 1.0 218 
4107 1.0 220 
4108 1.0 222 
4109 1.0 222 
4110 1.0 206 
4111 1.0 257 
4112 1.0 231 
4113 1.0 249 
4114 1.0 191 
4115 1.0 250 
4116 1.0 248 
4117 1.0 245 
4118 1.0 500 
4119 1.0 273 
4120 1.0 367 
4121 1.0 296 
4122 1.0 300 
4123 1.0 107 
4124 1.0 284 
4125 1.0 175 
4126 1.0 195 
4127 1.0 256 
4128 1.0 207 
4129 1.0 193 
4130 1.0 219 
4131 1.0 224 
4132 1.0 224 
4133 1.0 345 
4134 1.0 192 
4135 1.0 264 
4136 1.0 195 
4137 1.0 176 
4138 1.0 164 
4139 1.0 181 
4140 1.0 254 
4141 1.0 204 
4142 1.0 222 
4143 1.0 230 
4144 1.0 160 
4145 1.0 95 
4146 1.0 500 
4147 1.0 500 
4148 1.0 500 
4149 1.0 223 
4150 1.0 244 
4151 1.0 437 
4152 1.0 235 
4153 1.0 500 
4154 1.0 328 
4155 1.0 325 
4156 1.0 361 
4157 1.0 500 
4158 1.0 15 
4159 1.0 196 
4160 1.0 248 
4161 1.0 243 
4162 1.0 18 
4163 1.0 140 
4164 1.0 170 
4165 1.0 198 
4166 1.0 438 
4167 1.0 309 
4168 1.0 242 
4169 1.0 210 
4170 1.0 500 
4171 1.0 197 
4172 1.0 215 
4173 1.0 149 
4174 1.0 211 
4175 1.0 173 
4176 1.0 500 
4177 1.0 352 
4178 1.0 228 
4179 1.0 217 
4180 1.0 287 
4181 1.0 321 
4182 1.0 163 
4183 1.0 154 
4184 1.0 174 
4185 1.0 134 
4186 1.0 153 
4187 1.0 213 
4188 1.0 197 
4189 1.0 159 
4190 1.0 203 
4191 1.0 184 
4192 1.0 187 
4193 1.0 178 
4194 1.0 210 
4195 1.0 255 
4196 1.0 171 
4197 1.0 215 
4198 1.0 192 
4199 1.0 397 
4200 1.0 201 
4201 1.0 248 
4202 1.0 177 
4203 1.0 106 
4204 1.0 500 
4205 1.0 256 
4206 1.0 251 
4207 1.0 270 
4208 1.0 188 
4209 1.0 217 
4210 1.0 188 
4211 1.0 344 
4212 1.0 281 
4213 1.0 268 
4214 1.0 252 
4215 1.0 262 
4216 1.0 157 
4217 1.0 196 
4218 1.0 175 
4219 1.0 296 
4220 1.0 495 
4221 1.0 246 
4222 1.0 252 
4223 1.0 234 
4224 1.0 330 
4225 1.0 334 
4226 1.0 500 
4227 1.0 311 
4228 1.0 287 
4229 1.0 249 
4230 1.0 276 
4231 1.0 348 
4232 1.0 190 
4233 1.0 379 
4234 1.0 316 
4235 1.0 151 
4236 1.0 234 
4237 1.0 209 
4238 1.0 221 
4239 1.0 237 
4240 1.0 230 
4241 1.0 206 
4242 1.0 215 
4243 1.0 335 
4244 1.0 252 
4245 1.0 326 
4246 1.0 198 
4247 1.0 267 
4248 1.0 246 
4249 1.0 211 
4250 1.0 115 
4251 1.0 235 
4252 1.0 180 
4253 1.0 231 
4254 1.0 158 
4255 1.0 228 
4256 1.0 245 
4257 1.0 195 
4258 1.0 216 
4259 1.0 212 
4260 1.0 236 
4261 1.0 232 
4262 1.0 127 
4263 1.0 12 
4264 1.0 500 
4265 1.0 232 
4266 1.0 350 
4267 1.0 469 
4268 1.0 367 
4269 1.0 391 
4270 1.0 22 
4271 1.0 253 
4272 1.0 410 
4273 1.0 471 
4274 1.0 500 
4275 1.0 500 
4276 1.0 500 
4277 1.0 491 
4278 1.0 481 
4279 1.0 462 
4280 1.0 474 
4281 1.0 500 
4282 1.0 500 
4283 1.0 500 
4284 1.0 360 
4285 1.0 500 
4286 1.0 485 
4287 1.0 397 
4288 1.0 472 
4289 1.0 500 
4290 1.0 163 
4291 1.0 151 
4292 1.0 222 
4293 1.0 500 
4294 1.0 500 
4295 1.0 500 
4296 1.0 297 
4297 1.0 500 
4298 1.0 440 
4299 1.0 500 
4300 1.0 500 
4301 1.0 339 
4302 1.0 500 
4303 1.0 500 
4304 1.0 500 
4305 1.0 413 
4306 1.0 500 
4307 1.0 469 
4308 1.0 500 
4309 1.0 500 
4310 1.0 500 
4311 1.0 15 
4312 1.0 225 
4313 1.0 210 
4314 1.0 292 
4315 1.0 28 
4316 1.0 310 
4317 1.0 500 
4318 1.0 500 
4319 1.0 500 
4320 1.0 161 
4321 1.0 500 
4322 1.0 500 
4323 1.0 487 
4324 1.0 172 
4325 1.0 453 
4326 1.0 416 
4327 1.0 500 
4328 1.0 479 
4329 1.0 319 
4330 1.0 500 
4331 1.0 144 
4332 1.0 142 
4333 1.0 311 
4334 1.0 321 
4335 1.0 159 
4336 1.0 194 
4337 1.0 188 
4338 1.0 166 
4339 1.0 12 
4340 1.0 341 
4341 1.0 500 
4342 1.0 108 
4343 1.0 160 
4344 1.0 286 
4345 1.0 291 
4346 1.0 500 
4347 1.0 500 
4348 1.0 255 
4349 1.0 232 
4350 1.0 13 
4351 1.0 11 
4352 1.0 471 
4353 1.0 282 
4354 1.0 272 
4355 1.0 321 
4356 1.0 337 
4357 1.0 11 
4358 1.0 310 
4359 1.0 76 
4360 1.0 398 
4361 1.0 500 
4362 1.0 500 
4363 1.0 244 
4364 1.0 70 
4365 1.0 500 
4366 1.0 500 
4367 1.0 225 
4368 1.0 500 
4369 1.0 500 
4370 1.0 500 
4371 1.0 500 
4372 1.0 195 
4373 1.0 24 
4374 1.0 130 
4375 1.0 10 
4376 1.0 27 
4377 1.0 193 
4378 1.0 151 
4379 1.0 159 
4380 1.0 248 
4381 1.0 97 
4382 1.0 350 
4383 1.0 353 
4384 1.0 500 
4385 1.0 91 
4386 1.0 277 
4387 1.0 500 
4388 1.0 500 
4389 1.0 500 
4390 1.0 500 
4391 1.0 42 
4392 1.0 10 
4393 1.0 18 
4394 1.0 16 
4395 1.0 17 
4396 1.0 14 
4397 1.0 25 
4398 1.0 45 
4399 1.0 22 
4400 1.0 52 
4401 1.0 23 
4402 1.0 38 
4403 1.0 44 
4404 1.0 20 
4405 1.0 330 
4406 1.0 254 
4407 1.0 10 
4408 1.0 13 
4409 1.0 120 
4410 1.0 17 
4411 1.0 27 
4412 1.0 21 
4413 1.0 11 
4414 1.0 26 
4415 1.0 21 
4416 1.0 21 
4417 1.0 21 
4418 1.0 115 
4419 1.0 75 
4420 1.0 11 
4421 1.0 10 
4422 1.0 204 
4423 1.0 500 
4424 1.0 500 
4425 1.0 500 
4426 1.0 54 
4427 1.0 11 
4428 1.0 500 
4429 1.0 68 
4430 1.0 14 
4431 1.0 10 
4432 1.0 12 
4433 1.0 14 
4434 1.0 22 
4435 1.0 113 
4436 1.0 141 
4437 1.0 25 
4438 1.0 23 
4439 1.0 203 
4440 1.0 198 
4441 1.0 163 
4442 1.0 138 
4443 1.0 500 
4444 1.0 275 
4445 1.0 414 
4446 1.0 177 
4447 1.0 165 
4448 1.0 231 
4449 1.0 12 
4450 1.0 500 
4451 1.0 500 
4452 1.0 500 
4453 1.0 500 
4454 1.0 432 
4455 1.0 397 
4456 1.0 139 
4457 1.0 134 
4458 1.0 133 
4459 1.0 119 
4460 1.0 32 
4461 1.0 472 
4462 1.0 133 
4463 1.0 39 
4464 1.0 9 
4465 1.0 10 
4466 1.0 10 
4467 1.0 54 
4468 1.0 116 
4469 1.0 119 
4470 1.0 135 
4471 1.0 88 
4472 1.0 104 
4473 1.0 12 
4474 1.0 10 
4475 1.0 173 
4476 1.0 27 
4477 1.0 25 
4478 1.0 175 
4479 1.0 500 
4480 1.0 262 
4481 1.0 500 
4482 1.0 214 
4483 1.0 500 
4484 1.0 261 
4485 1.0 281 
4486 1.0 500 
4487 1.0 198 
4488 1.0 199 
4489 1.0 300 
4490 1.0 500 
4491 1.0 210 
4492 1.0 312 
4493 1.0 500 
4494 1.0 500 
4495 1.0 270 
4496 1.0 323 
4497 1.0 357 
4498 1.0 20 
4499 1.0 201 
4500 1.0 381 
4501 1.0 383 
4502 1.0 331 
4503 1.0 269 
4504 1.0 238 
4505 1.0 419 
4506 1.0 150 
4507 1.0 500 
4508 1.0 500 
4509 1.0 500 
4510 1.0 500 
4511 1.0 392 
4512 1.0 500 
4513 1.0 119 
4514 1.0 460 
4515 1.0 251 
4516 1.0 327 
4517 1.0 500 
4518 1.0 500 
4519 1.0 500 
4520 1.0 27 
4521 1.0 310 
4522 1.0 500 
4523 1.0 500 
4524 1.0 500 
4525 1.0 500 
4526 1.0 500 
4527 1.0 500 
4528 1.0 210 
4529 1.0 25 
4530 1.0 500 
4531 1.0 500 
4532 1.0 500 
4533 1.0 191 
4534 1.0 500 
4535 1.0 500 
4536 1.0 350 
4537 1.0 500 
4538 1.0 12 
4539 1.0 213 
4540 1.0 189 
4541 1.0 264 
4542 1.0 209 
4543 1.0 467 
4544 1.0 255 
4545 1.0 162 
4546 1.0 500 
4547 1.0 500 
4548 1.0 390 
4549 1.0 500 
4550 1.0 500 
4551 1.0 10 
4552 1.0 379 
4553 1.0 500 
4554 1.0 27 
4555 1.0 500 
4556 1.0 500 
4557 1.0 500 
4558 1.0 430 
4559 1.0 500 
4560 1.0 494 
4561 1.0 500 
4562 1.0 396 
4563 1.0 500 
4564 1.0 500 
4565 1.0 500 
4566 1.0 500 
4567 1.0 500 
4568 1.0 299 
4569 1.0 321 
4570 1.0 485 
4571 1.0 361 
4572 1.0 433 
4573 1.0 309 
4574 1.0 115 
4575 1.0 10 
4576 1.0 500 
4577 1.0 428 
4578 1.0 500 
4579 1.0 500 
4580 1.0 500 
4581 1.0 500 
4582 1.0 500 
4583 1.0 185 
4584 1.0 417 
4585 1.0 500 
4586 1.0 477 
4587 1.0 500 
4588 1.0 500 
4589 1.0 431 
4590 1.0 317 
4591 1.0 500 
4592 1.0 300 
4593 1.0 500 
4594 1.0 500 
4595 1.0 500 
4596 1.0 500 
4597 1.0 304 
4598 1.0 244 
4599 1.0 245 
4600 1.0 237 
4601 1.0 252 
4602 1.0 298 
4603 1.0 246 
4604 1.0 207 
4605 1.0 227 
4606 1.0 219 
4607 1.0 257 
4608 1.0 214 
4609 1.0 432 
4610 1.0 180 
4611 1.0 202 
4612 1.0 198 
4613 1.0 232 
4614 1.0 218 
4615 1.0 239 
4616 1.0 166 
4617 1.0 196 
4618 1.0 185 
4619 1.0 228 
4620 1.0 247 
4621 1.0 20 
4622 1.0 457 
4623 1.0 321 
4624 1.0 341 
4625 1.0 343 
4626 1.0 393 
4627 1.0 14 
4628 1.0 420 
4629 1.0 337 
4630 1.0 162 
4631 1.0 500 
4632 1.0 466 
4633 1.0 428 
4634 1.0 446 
4635 1.0 376 
4636 1.0 384 
4637 1.0 500 
4638 1.0 412 
4639 1.0 433 
4640 1.0 384 
4641 1.0 417 
4642 1.0 306 
4643 1.0 494 
4644 1.0 338 
4645 1.0 449 
4646 1.0 329 
4647 1.0 359 
4648 1.0 361 
4649 1.0 358 
4650 1.0 381 
4651 1.0 368 
4652 1.0 305 
4653 1.0 311 
4654 1.0 365 
4655 1.0 328 
4656 1.0 95 
4657 1.0 500 
4658 1.0 41 
4659 1.0 101 
4660 1.0 182 
4661 1.0 149 
4662 1.0 161 
4663 1.0 172 
4664 1.0 107 
4665 1.0 137 
4666 1.0 500 
4667 1.0 108 
4668 1.0 500 
4669 1.0 500 
4670 1.0 500 
4671 1.0 403 
4672 1.0 152 
4673 1.0 174 
4674 1.0 138 
4675 1.0 500 
4676 1.0 500 
4677 1.0 247 
4678 1.0 120 
4679 1.0 257 
4680 1.0 108 
4681 1.0 102 
4682 1.0 150 
4683 1.0 9 
4684 1.0 347 
4685 1.0 429 
4686 1.0 500 
4687 1.0 30 
4688 1.0 272 
4689 1.0 237 
4690 1.0 249 
4691 1.0 194 
4692 1.0 230 
4693 1.0 247 
4694 1.0 49 
4695 1.0 262 
4696 1.0 124 
4697 1.0 151 
4698 1.0 151 
4699 1.0 152 
4700 1.0 154 
4701 1.0 159 
4702 1.0 190 
4703 1.0 178 
4704 1.0 200 
4705 1.0 262 
4706 1.0 194 
4707 1.0 205 
4708 1.0 257 
4709 1.0 241 
4710 1.0 197 
4711 1.0 232 
4712 1.0 190 
4713 1.0 205 
4714 1.0 270 
4715 1.0 298 
4716 1.0 170 
4717 1.0 175 
4718 1.0 166 
4719 1.0 134 
4720 1.0 15 
4721 1.0 129 
4722 1.0 113 
4723 1.0 9 
4724 1.0 9 
4725 1.0 9 
4726 1.0 8 
4727 1.0 11 
4728 1.0 9 
4729 1.0 10 
4730 1.0 13 
4731 1.0 12 
4732 1.0 12 
4733 1.0 16 
4734 1.0 13 
4735 1.0 155 
4736 1.0 13 
4737 1.0 11 
4738 1.0 10 
4739 1.0 11 
4740 1.0 10 
4741 1.0 12 
4742 1.0 11 
4743 1.0 143 
4744 1.0 12 
4745 1.0 127 
4746 1.0 10 
4747 1.0 500 
4748 1.0 500 
4749 1.0 146 
4750 1.0 17 
4751 1.0 9 
4752 1.0 11 
4753 1.0 500 
4754 1.0 500 
4755 1.0 12 
4756 1.0 94 
4757 1.0 500 
4758 1.0 500 
4759 1.0 215 
4760 1.0 40 
4761 1.0 21 
4762 1.0 13 
4763 1.0 42 
4764 1.0 17 
4765 1.0 23 
4766 1.0 10 
4767 1.0 10 
4768 1.0 10 
4769 1.0 11 
4770 1.0 10 
4771 1.0 10 
4772 1.0 10 
4773 1.0 18 
4774 1.0 11 
4775 1.0 9 
4776 1.0 9 
4777 1.0 10 
4778 1.0 9 
4779 1.0 11 
4780 1.0 14 
4781 1.0 11 
4782 1.0 20 
4783 1.0 69 
4784 1.0 84 
4785 1.0 372 
4786 1.0 401 
4787 1.0 500 
4788 1.0 425 
4789 1.0 21 
4790 1.0 14 
4791 1.0 10 
4792 1.0 500 
4793 1.0 456 
4794 1.0 500 
4795 1.0 482 
4796 1.0 478 
4797 1.0 329 
4798 1.0 500 
4799 1.0 500 
4800 1.0 500 
4801 1.0 195 
4802 1.0 296 
4803 1.0 500 
4804 1.0 500 
4805 1.0 222 
4806 1.0 313 
4807 1.0 500 
4808 1.0 130 
4809 1.0 122 
4810 1.0 252 
4811 1.0 261 
4812 1.0 340 
4813 1.0 371 
4814 1.0 245 
4815 1.0 500 
4816 1.0 500 
4817 1.0 211 
4818 1.0 125 
4819 1.0 142 
4820 1.0 119 
4821 1.0 123 
4822 1.0 133 
4823 1.0 157 
4824 1.0 182 
4825 1.0 126 
4826 1.0 120 
4827 1.0 10 
4828 1.0 9 
4829 1.0 10 
4830 1.0 11 
4831 1.0 10 
4832 1.0 13 
4833 1.0 11 
4834 1.0 10 
4835 1.0 106 
4836 1.0 148 
4837 1.0 163 
4838 1.0 385 
4839 1.0 444 
4840 1.0 500 
4841 1.0 500 
4842 1.0 415 
4843 1.0 329 
4844 1.0 127 
4845 1.0 355 
4846 1.0 500 
4847 1.0 500 
4848 1.0 500 
4849 1.0 176 
4850 1.0 500 
4851 1.0 500 
4852 1.0 500 
4853 1.0 500 
4854 1.0 277 
4855 1.0 226 
4856 1.0 500 
4857 1.0 500 
4858 1.0 500 
4859 1.0 500 
4860 1.0 500 
4861 1.0 500 
4862 1.0 273 
4863 1.0 286 
4864 1.0 335 
4865 1.0 410 
4866 1.0 371 
4867 1.0 409 
4868 1.0 500 
4869 1.0 417 
4870 1.0 390 
4871 1.0 494 
4872 1.0 500 
4873 1.0 434 
4874 1.0 382 
4875 1.0 441 
4876 1.0 500 
4877 1.0 315 
4878 1.0 290 
4879 1.0 500 
4880 1.0 400 
4881 1.0 287 
4882 1.0 423 
4883 1.0 500 
4884 1.0 500 
4885 1.0 500 
4886 1.0 500 
4887 1.0 500 
4888 1.0 500 
4889 1.0 500 
4890 1.0 500 
4891 1.0 500 
4892 1.0 500 
4893 1.0 500 
4894 1.0 500 
4895 1.0 500 
4896 1.0 500 
4897 1.0 500 
4898 1.0 500 
4899 1.0 500 
4900 1.0 500 
4901 1.0 500 
4902 1.0 500 
4903 1.0 500 
4904 1.0 500 
4905 1.0 500 
4906 1.0 500 
4907 1.0 102 
4908 1.0 500 
4909 1.0 500 
4910 1.0 500 
4911 1.0 500 
4912 1.0 500 
4913 1.0 500 
4914 1.0 500 
4915 1.0 500 
4916 1.0 500 
4917 1.0 182 
4918 1.0 500 
4919 1.0 500 
4920 1.0 500 
4921 1.0 500 
4922 1.0 500 
4923 1.0 500 
4924 1.0 500 
4925 1.0 500 
4926 1.0 500 
4927 1.0 500 
4928 1.0 500 
4929 1.0 500 
4930 1.0 500 
4931 1.0 500 
4932 1.0 500 
4933 1.0 500 
4934 1.0 500 
4935 1.0 500 
4936 1.0 500 
4937 1.0 500 
4938 1.0 500 
4939 1.0 500 
4940 1.0 500 
4941 1.0 500 
4942 1.0 500 
4943 1.0 500 
4944 1.0 500 
4945 1.0 500 
4946 1.0 500 
4947 1.0 309 
4948 1.0 500 
4949 1.0 239 
4950 1.0 500 
4951 1.0 500 
4952 1.0 500 
4953 1.0 500 
4954 1.0 500 
4955 1.0 500 
4956 1.0 500 
4957 1.0 500 
4958 1.0 500 
4959 1.0 500 
4960 1.0 500 
4961 1.0 500 
4962 1.0 500 
4963 1.0 500 
4964 1.0 500 
4965 1.0 500 
4966 1.0 500 
4967 1.0 500 
4968 1.0 500 
4969 1.0 159 
4970 1.0 172 
4971 1.0 500 
4972 1.0 500 
4973 1.0 371 
4974 1.0 500 
4975 1.0 454 
4976 1.0 387 
4977 1.0 375 
4978 1.0 320 
4979 1.0 500 
4980 1.0 276 
4981 1.0 372 
4982 1.0 338 
4983 1.0 347 
4984 1.0 256 
4985 1.0 349 
4986 1.0 500 
4987 1.0 389 
4988 1.0 212 
4989 1.0 500 
4990 1.0 500 
4991 1.0 500 
4992 1.0 348 
4993 1.0 357 
4994 1.0 167 
4995 1.0 180 
4996 1.0 395 
4997 1.0 296 
4998 1.0 274 
4999 1.0 256 
5000 1.0 259 
