0 1.0 15 
0 1.0 25 
1 1.0 18 
2 1.0 10 
3 1.0 19 
4 1.0 13 
5 1.0 19 
6 1.0 19 
7 1.0 14 
8 1.0 28 
9 1.0 18 
10 1.0 14 
11 1.0 20 
12 1.0 9 
13 1.0 15 
14 1.0 21 
15 1.0 12 
16 1.0 14 
17 1.0 15 
18 1.0 13 
19 1.0 12 
20 1.0 18 
21 1.0 18 
22 1.0 14 
23 1.0 39 
24 1.0 26 
25 1.0 23 
26 1.0 12 
27 1.0 29 
28 1.0 13 
29 1.0 20 
30 1.0 11 
31 1.0 9 
32 1.0 18 
33 1.0 22 
34 1.0 12 
35 1.0 16 
36 1.0 17 
37 1.0 13 
38 1.0 17 
39 1.0 11 
40 1.0 21 
41 1.0 13 
42 1.0 11 
43 1.0 12 
44 1.0 16 
45 1.0 49 
46 1.0 10 
47 1.0 14 
48 1.0 22 
49 1.0 12 
50 1.0 14 
51 1.0 34 
52 1.0 14 
53 1.0 19 
54 1.0 21 
55 1.0 20 
56 1.0 26 
57 1.0 12 
58 1.0 30 
59 1.0 13 
60 1.0 21 
61 1.0 18 
62 1.0 11 
63 1.0 33 
64 1.0 34 
65 1.0 15 
66 1.0 13 
67 1.0 42 
68 1.0 14 
69 1.0 11 
70 1.0 20 
71 1.0 9 
72 1.0 10 
73 1.0 17 
74 1.0 14 
75 1.0 20 
76 1.0 13 
77 1.0 14 
78 1.0 9 
79 1.0 11 
80 1.0 14 
81 1.0 16 
82 1.0 16 
83 1.0 16 
84 1.0 62 
85 1.0 38 
86 1.0 31 
87 1.0 22 
88 1.0 26 
89 1.0 30 
90 1.0 50 
91 1.0 18 
92 1.0 15 
93 1.0 10 
94 1.0 79 
95 1.0 127 
96 1.0 149 
97 1.0 21 
98 1.0 23 
99 1.0 54 
100 1.0 54 
101 1.0 60 
102 1.0 34 
103 1.0 29 
104 1.0 49 
105 1.0 116 
106 1.0 106 
107 1.0 26 
108 1.0 15 
109 1.0 48 
110 1.0 29 
111 1.0 175 
112 1.0 128 
113 1.0 61 
114 1.0 45 
115 1.0 47 
116 1.0 81 
117 1.0 60 
118 1.0 68 
119 1.0 18 
120 1.0 29 
121 1.0 61 
122 1.0 203 
123 1.0 56 
124 1.0 48 
125 1.0 49 
126 1.0 51 
127 1.0 32 
128 1.0 24 
129 1.0 15 
130 1.0 24 
131 1.0 24 
132 1.0 26 
133 1.0 95 
134 1.0 26 
135 1.0 92 
136 1.0 26 
137 1.0 38 
138 1.0 70 
139 1.0 53 
140 1.0 25 
141 1.0 39 
142 1.0 50 
143 1.0 20 
144 1.0 11 
145 1.0 62 
146 1.0 86 
147 1.0 14 
148 1.0 62 
149 1.0 108 
150 1.0 43 
151 1.0 36 
152 1.0 63 
153 1.0 23 
154 1.0 46 
155 1.0 73 
156 1.0 33 
157 1.0 56 
158 1.0 21 
159 1.0 207 
160 1.0 47 
161 1.0 46 
162 1.0 95 
163 1.0 67 
164 1.0 116 
165 1.0 244 
166 1.0 89 
167 1.0 46 
168 1.0 70 
169 1.0 20 
170 1.0 55 
171 1.0 131 
172 1.0 46 
173 1.0 25 
174 1.0 85 
175 1.0 69 
176 1.0 179 
177 1.0 40 
178 1.0 74 
179 1.0 41 
180 1.0 27 
181 1.0 30 
182 1.0 83 
183 1.0 56 
184 1.0 60 
185 1.0 60 
186 1.0 68 
187 1.0 53 
188 1.0 74 
189 1.0 59 
190 1.0 51 
191 1.0 53 
192 1.0 45 
193 1.0 136 
194 1.0 154 
195 1.0 115 
196 1.0 162 
197 1.0 91 
198 1.0 169 
199 1.0 53 
200 1.0 25 
201 1.0 39 
202 1.0 36 
203 1.0 161 
204 1.0 48 
205 1.0 19 
206 1.0 75 
207 1.0 172 
208 1.0 79 
209 1.0 74 
210 1.0 52 
211 1.0 59 
212 1.0 76 
213 1.0 96 
214 1.0 28 
215 1.0 363 
216 1.0 110 
217 1.0 108 
218 1.0 194 
219 1.0 139 
220 1.0 33 
221 1.0 48 
222 1.0 114 
223 1.0 183 
224 1.0 208 
225 1.0 112 
226 1.0 81 
227 1.0 68 
228 1.0 92 
229 1.0 66 
230 1.0 47 
231 1.0 85 
232 1.0 54 
233 1.0 101 
234 1.0 170 
235 1.0 182 
236 1.0 117 
237 1.0 81 
238 1.0 119 
239 1.0 24 
240 1.0 170 
241 1.0 93 
242 1.0 61 
243 1.0 103 
244 1.0 100 
245 1.0 101 
246 1.0 21 
247 1.0 78 
248 1.0 102 
249 1.0 92 
250 1.0 100 
251 1.0 73 
252 1.0 99 
253 1.0 104 
254 1.0 75 
255 1.0 84 
256 1.0 99 
257 1.0 168 
258 1.0 269 
259 1.0 271 
260 1.0 248 
261 1.0 81 
262 1.0 200 
263 1.0 270 
264 1.0 196 
265 1.0 130 
266 1.0 162 
267 1.0 152 
268 1.0 184 
269 1.0 46 
270 1.0 126 
271 1.0 180 
272 1.0 313 
273 1.0 248 
274 1.0 155 
275 1.0 132 
276 1.0 138 
277 1.0 122 
278 1.0 179 
279 1.0 335 
280 1.0 212 
281 1.0 321 
282 1.0 260 
283 1.0 233 
284 1.0 183 
285 1.0 253 
286 1.0 168 
287 1.0 167 
288 1.0 174 
289 1.0 96 
290 1.0 168 
291 1.0 114 
292 1.0 120 
293 1.0 160 
294 1.0 125 
295 1.0 143 
296 1.0 124 
297 1.0 140 
298 1.0 106 
299 1.0 136 
300 1.0 137 
301 1.0 199 
302 1.0 119 
303 1.0 193 
304 1.0 138 
305 1.0 203 
306 1.0 122 
307 1.0 136 
308 1.0 199 
309 1.0 70 
310 1.0 292 
311 1.0 209 
312 1.0 137 
313 1.0 292 
314 1.0 172 
315 1.0 151 
316 1.0 87 
317 1.0 104 
318 1.0 202 
319 1.0 165 
320 1.0 136 
321 1.0 153 
322 1.0 269 
323 1.0 204 
324 1.0 353 
325 1.0 209 
326 1.0 227 
327 1.0 207 
328 1.0 193 
329 1.0 198 
330 1.0 134 
331 1.0 174 
332 1.0 211 
333 1.0 230 
334 1.0 143 
335 1.0 121 
336 1.0 158 
337 1.0 145 
338 1.0 127 
339 1.0 275 
340 1.0 195 
341 1.0 218 
342 1.0 130 
343 1.0 146 
344 1.0 233 
345 1.0 94 
346 1.0 140 
347 1.0 182 
348 1.0 153 
349 1.0 175 
350 1.0 277 
351 1.0 342 
352 1.0 228 
353 1.0 182 
354 1.0 322 
355 1.0 134 
356 1.0 225 
357 1.0 214 
358 1.0 128 
359 1.0 202 
360 1.0 117 
361 1.0 187 
362 1.0 133 
363 1.0 219 
364 1.0 175 
365 1.0 164 
366 1.0 193 
367 1.0 164 
368 1.0 170 
369 1.0 295 
370 1.0 163 
371 1.0 252 
372 1.0 283 
373 1.0 144 
374 1.0 133 
375 1.0 156 
376 1.0 316 
377 1.0 299 
378 1.0 289 
379 1.0 252 
380 1.0 305 
381 1.0 229 
382 1.0 194 
383 1.0 278 
384 1.0 227 
385 1.0 139 
386 1.0 181 
387 1.0 192 
388 1.0 248 
389 1.0 169 
390 1.0 208 
391 1.0 209 
392 1.0 257 
393 1.0 152 
394 1.0 189 
395 1.0 308 
396 1.0 194 
397 1.0 381 
398 1.0 195 
399 1.0 201 
400 1.0 191 
401 1.0 233 
402 1.0 208 
403 1.0 210 
404 1.0 360 
405 1.0 143 
406 1.0 213 
407 1.0 432 
408 1.0 209 
409 1.0 253 
410 1.0 309 
411 1.0 243 
412 1.0 182 
413 1.0 272 
414 1.0 155 
415 1.0 242 
416 1.0 410 
417 1.0 219 
418 1.0 322 
419 1.0 294 
420 1.0 340 
421 1.0 273 
422 1.0 500 
423 1.0 257 
424 1.0 256 
425 1.0 119 
426 1.0 217 
427 1.0 229 
428 1.0 210 
429 1.0 309 
430 1.0 183 
431 1.0 230 
432 1.0 176 
433 1.0 437 
434 1.0 237 
435 1.0 247 
436 1.0 392 
437 1.0 166 
438 1.0 143 
439 1.0 242 
440 1.0 198 
441 1.0 424 
442 1.0 192 
443 1.0 191 
444 1.0 197 
445 1.0 219 
446 1.0 198 
447 1.0 219 
448 1.0 375 
449 1.0 280 
450 1.0 216 
451 1.0 500 
452 1.0 164 
453 1.0 381 
454 1.0 173 
455 1.0 235 
456 1.0 229 
457 1.0 265 
458 1.0 384 
459 1.0 214 
460 1.0 132 
461 1.0 369 
462 1.0 248 
463 1.0 215 
464 1.0 227 
465 1.0 447 
466 1.0 200 
467 1.0 153 
468 1.0 157 
469 1.0 197 
470 1.0 230 
471 1.0 158 
472 1.0 208 
473 1.0 186 
474 1.0 192 
475 1.0 170 
476 1.0 275 
477 1.0 159 
478 1.0 187 
479 1.0 256 
480 1.0 202 
481 1.0 199 
482 1.0 224 
483 1.0 218 
484 1.0 218 
485 1.0 203 
486 1.0 477 
487 1.0 289 
488 1.0 213 
489 1.0 254 
490 1.0 354 
491 1.0 418 
492 1.0 393 
493 1.0 256 
494 1.0 189 
495 1.0 147 
496 1.0 212 
497 1.0 254 
498 1.0 450 
499 1.0 241 
500 1.0 274 
501 1.0 224 
502 1.0 262 
503 1.0 259 
504 1.0 279 
505 1.0 311 
506 1.0 157 
507 1.0 215 
508 1.0 258 
509 1.0 205 
510 1.0 229 
511 1.0 269 
512 1.0 245 
513 1.0 228 
514 1.0 308 
515 1.0 230 
516 1.0 292 
517 1.0 287 
518 1.0 249 
519 1.0 218 
520 1.0 218 
521 1.0 246 
522 1.0 215 
523 1.0 305 
524 1.0 197 
525 1.0 408 
526 1.0 498 
527 1.0 346 
528 1.0 221 
529 1.0 257 
530 1.0 297 
531 1.0 387 
532 1.0 186 
533 1.0 350 
534 1.0 248 
535 1.0 201 
536 1.0 233 
537 1.0 215 
538 1.0 325 
539 1.0 252 
540 1.0 216 
541 1.0 424 
542 1.0 218 
543 1.0 151 
544 1.0 200 
545 1.0 251 
546 1.0 231 
547 1.0 380 
548 1.0 279 
549 1.0 171 
550 1.0 139 
551 1.0 282 
552 1.0 202 
553 1.0 186 
554 1.0 249 
555 1.0 231 
556 1.0 307 
557 1.0 195 
558 1.0 318 
559 1.0 218 
560 1.0 130 
561 1.0 221 
562 1.0 167 
563 1.0 494 
564 1.0 197 
565 1.0 197 
566 1.0 363 
567 1.0 196 
568 1.0 500 
569 1.0 221 
570 1.0 157 
571 1.0 262 
572 1.0 274 
573 1.0 409 
574 1.0 243 
575 1.0 169 
576 1.0 260 
577 1.0 385 
578 1.0 325 
579 1.0 320 
580 1.0 301 
581 1.0 293 
582 1.0 241 
583 1.0 206 
584 1.0 279 
585 1.0 297 
586 1.0 195 
587 1.0 209 
588 1.0 415 
589 1.0 330 
590 1.0 138 
591 1.0 182 
592 1.0 178 
593 1.0 168 
594 1.0 222 
595 1.0 208 
596 1.0 341 
597 1.0 163 
598 1.0 320 
599 1.0 285 
600 1.0 500 
601 1.0 244 
602 1.0 241 
603 1.0 375 
604 1.0 273 
605 1.0 470 
606 1.0 347 
607 1.0 205 
608 1.0 215 
609 1.0 350 
610 1.0 311 
611 1.0 227 
612 1.0 273 
613 1.0 500 
614 1.0 276 
615 1.0 360 
616 1.0 301 
617 1.0 240 
618 1.0 251 
619 1.0 315 
620 1.0 364 
621 1.0 358 
622 1.0 295 
623 1.0 500 
624 1.0 356 
625 1.0 273 
626 1.0 241 
627 1.0 166 
628 1.0 332 
629 1.0 185 
630 1.0 423 
631 1.0 280 
632 1.0 323 
633 1.0 232 
634 1.0 349 
635 1.0 243 
636 1.0 178 
637 1.0 291 
638 1.0 173 
639 1.0 185 
640 1.0 246 
641 1.0 453 
642 1.0 276 
643 1.0 320 
644 1.0 192 
645 1.0 237 
646 1.0 446 
647 1.0 407 
648 1.0 199 
649 1.0 234 
650 1.0 224 
651 1.0 243 
652 1.0 153 
653 1.0 214 
654 1.0 231 
655 1.0 246 
656 1.0 205 
657 1.0 269 
658 1.0 360 
659 1.0 189 
660 1.0 225 
661 1.0 238 
662 1.0 289 
663 1.0 275 
664 1.0 181 
665 1.0 212 
666 1.0 200 
667 1.0 256 
668 1.0 263 
669 1.0 211 
670 1.0 191 
671 1.0 217 
672 1.0 223 
673 1.0 299 
674 1.0 214 
675 1.0 271 
676 1.0 207 
677 1.0 407 
678 1.0 224 
679 1.0 241 
680 1.0 206 
681 1.0 304 
682 1.0 249 
683 1.0 300 
684 1.0 218 
685 1.0 232 
686 1.0 272 
687 1.0 311 
688 1.0 395 
689 1.0 453 
690 1.0 290 
691 1.0 334 
692 1.0 387 
693 1.0 273 
694 1.0 176 
695 1.0 179 
696 1.0 139 
697 1.0 225 
698 1.0 200 
699 1.0 200 
700 1.0 234 
701 1.0 277 
702 1.0 305 
703 1.0 249 
704 1.0 372 
705 1.0 277 
706 1.0 436 
707 1.0 312 
708 1.0 351 
709 1.0 271 
710 1.0 264 
711 1.0 332 
712 1.0 403 
713 1.0 333 
714 1.0 192 
715 1.0 336 
716 1.0 440 
717 1.0 429 
718 1.0 281 
719 1.0 417 
720 1.0 172 
721 1.0 262 
722 1.0 371 
723 1.0 243 
724 1.0 288 
725 1.0 248 
726 1.0 267 
727 1.0 241 
728 1.0 284 
729 1.0 408 
730 1.0 233 
731 1.0 315 
732 1.0 332 
733 1.0 396 
734 1.0 452 
735 1.0 270 
736 1.0 500 
737 1.0 450 
738 1.0 402 
739 1.0 394 
740 1.0 376 
741 1.0 285 
742 1.0 384 
743 1.0 431 
744 1.0 256 
745 1.0 500 
746 1.0 182 
747 1.0 253 
748 1.0 351 
749 1.0 193 
750 1.0 231 
751 1.0 174 
752 1.0 197 
753 1.0 178 
754 1.0 203 
755 1.0 190 
756 1.0 192 
757 1.0 198 
758 1.0 171 
759 1.0 209 
760 1.0 192 
761 1.0 164 
762 1.0 233 
763 1.0 225 
764 1.0 243 
765 1.0 208 
766 1.0 208 
767 1.0 239 
768 1.0 198 
769 1.0 341 
770 1.0 244 
771 1.0 379 
772 1.0 222 
773 1.0 417 
774 1.0 279 
775 1.0 237 
776 1.0 296 
777 1.0 262 
778 1.0 404 
779 1.0 270 
780 1.0 266 
781 1.0 341 
782 1.0 288 
783 1.0 500 
784 1.0 236 
785 1.0 175 
786 1.0 287 
787 1.0 128 
788 1.0 283 
789 1.0 282 
790 1.0 321 
791 1.0 291 
792 1.0 323 
793 1.0 252 
794 1.0 413 
795 1.0 193 
796 1.0 176 
797 1.0 182 
798 1.0 259 
799 1.0 242 
800 1.0 279 
801 1.0 199 
802 1.0 157 
803 1.0 275 
804 1.0 224 
805 1.0 407 
806 1.0 206 
807 1.0 487 
808 1.0 343 
809 1.0 480 
810 1.0 370 
811 1.0 235 
812 1.0 375 
813 1.0 358 
814 1.0 500 
815 1.0 415 
816 1.0 466 
817 1.0 273 
818 1.0 251 
819 1.0 238 
820 1.0 331 
821 1.0 157 
822 1.0 152 
823 1.0 208 
824 1.0 190 
825 1.0 288 
826 1.0 139 
827 1.0 225 
828 1.0 178 
829 1.0 18 
830 1.0 158 
831 1.0 144 
832 1.0 138 
833 1.0 170 
834 1.0 157 
835 1.0 199 
836 1.0 200 
837 1.0 321 
838 1.0 235 
839 1.0 210 
840 1.0 344 
841 1.0 189 
842 1.0 269 
843 1.0 285 
844 1.0 258 
845 1.0 193 
846 1.0 230 
847 1.0 193 
848 1.0 280 
849 1.0 295 
850 1.0 294 
851 1.0 242 
852 1.0 269 
853 1.0 209 
854 1.0 165 
855 1.0 210 
856 1.0 254 
857 1.0 278 
858 1.0 181 
859 1.0 176 
860 1.0 204 
861 1.0 190 
862 1.0 150 
863 1.0 129 
864 1.0 138 
865 1.0 160 
866 1.0 149 
867 1.0 206 
868 1.0 195 
869 1.0 167 
870 1.0 217 
871 1.0 222 
872 1.0 270 
873 1.0 258 
874 1.0 349 
875 1.0 199 
876 1.0 314 
877 1.0 500 
878 1.0 423 
879 1.0 172 
880 1.0 312 
881 1.0 265 
882 1.0 217 
883 1.0 238 
884 1.0 371 
885 1.0 217 
886 1.0 220 
887 1.0 231 
888 1.0 217 
889 1.0 168 
890 1.0 290 
891 1.0 258 
892 1.0 333 
893 1.0 387 
894 1.0 261 
895 1.0 220 
896 1.0 500 
897 1.0 246 
898 1.0 221 
899 1.0 289 
900 1.0 235 
901 1.0 384 
902 1.0 213 
903 1.0 125 
904 1.0 11 
905 1.0 154 
906 1.0 284 
907 1.0 246 
908 1.0 172 
909 1.0 184 
910 1.0 184 
911 1.0 202 
912 1.0 214 
913 1.0 194 
914 1.0 252 
915 1.0 402 
916 1.0 230 
917 1.0 452 
918 1.0 222 
919 1.0 237 
920 1.0 199 
921 1.0 171 
922 1.0 231 
923 1.0 432 
924 1.0 279 
925 1.0 477 
926 1.0 298 
927 1.0 252 
928 1.0 254 
929 1.0 174 
930 1.0 223 
931 1.0 241 
932 1.0 240 
933 1.0 227 
934 1.0 194 
935 1.0 386 
936 1.0 165 
937 1.0 203 
938 1.0 218 
939 1.0 239 
940 1.0 295 
941 1.0 332 
942 1.0 219 
943 1.0 243 
944 1.0 205 
945 1.0 224 
946 1.0 207 
947 1.0 225 
948 1.0 386 
949 1.0 280 
950 1.0 185 
951 1.0 306 
952 1.0 247 
953 1.0 223 
954 1.0 242 
955 1.0 216 
956 1.0 203 
957 1.0 122 
958 1.0 192 
959 1.0 260 
960 1.0 403 
961 1.0 156 
962 1.0 309 
963 1.0 138 
964 1.0 203 
965 1.0 110 
966 1.0 133 
967 1.0 10 
968 1.0 136 
969 1.0 143 
970 1.0 157 
971 1.0 147 
972 1.0 206 
973 1.0 151 
974 1.0 10 
975 1.0 215 
976 1.0 11 
977 1.0 9 
978 1.0 110 
979 1.0 12 
980 1.0 10 
981 1.0 268 
982 1.0 11 
983 1.0 10 
984 1.0 227 
985 1.0 128 
986 1.0 124 
987 1.0 13 
988 1.0 138 
989 1.0 162 
990 1.0 11 
991 1.0 11 
992 1.0 11 
993 1.0 138 
994 1.0 136 
995 1.0 163 
996 1.0 14 
997 1.0 118 
998 1.0 193 
999 1.0 107 
1000 1.0 100
