0 1.0 19 
1 1.0 22 
2 1.0 23 
3 1.0 21 
4 1.0 10 
5 1.0 15 
6 1.0 40 
7 1.0 14 
8 1.0 14 
9 1.0 19 
10 1.0 15 
11 1.0 23 
12 1.0 17 
13 1.0 29 
14 1.0 24 
15 1.0 34 
16 1.0 65 
17 1.0 12 
18 1.0 12 
19 1.0 33 
20 1.0 12 
21 1.0 35 
22 1.0 13 
23 1.0 19 
24 1.0 41 
25 1.0 12 
26 1.0 15 
27 1.0 12 
28 1.0 11 
29 1.0 22 
30 1.0 37 
31 1.0 37 
32 1.0 21 
33 1.0 18 
34 1.0 24 
35 1.0 62 
36 1.0 14 
37 1.0 12 
38 1.0 11 
39 1.0 14 
40 1.0 33 
41 1.0 20 
42 1.0 17 
43 1.0 27 
44 1.0 32 
45 1.0 12 
46 1.0 19 
47 1.0 21 
48 1.0 27 
49 1.0 14 
50 1.0 51 
51 1.0 18 
52 1.0 23 
53 1.0 15 
54 1.0 16 
55 1.0 13 
56 1.0 15 
57 1.0 11 
58 1.0 13 
59 1.0 16 
60 1.0 27 
61 1.0 29 
62 1.0 23 
63 1.0 8 
64 1.0 19 
65 1.0 47 
66 1.0 26 
67 1.0 33 
68 1.0 12 
69 1.0 15 
70 1.0 22 
71 1.0 11 
72 1.0 26 
73 1.0 15 
74 1.0 16 
75 1.0 15 
76 1.0 19 
77 1.0 10 
78 1.0 40 
79 1.0 18 
80 1.0 32 
81 1.0 15 
82 1.0 11 
83 1.0 13 
84 1.0 17 
85 1.0 17 
86 1.0 18 
87 1.0 19 
88 1.0 20 
89 1.0 13 
90 1.0 12 
91 1.0 19 
92 1.0 25 
93 1.0 20 
94 1.0 30 
95 1.0 19 
96 1.0 20 
97 1.0 16 
98 1.0 26 
99 1.0 11 
100 1.0 15 
101 1.0 16 
102 1.0 11 
103 1.0 14 
104 1.0 15 
105 1.0 18 
106 1.0 14 
107 1.0 20 
108 1.0 10 
109 1.0 12 
110 1.0 12 
111 1.0 11 
112 1.0 15 
113 1.0 10 
114 1.0 12 
115 1.0 10 
116 1.0 25 
117 1.0 21 
118 1.0 13 
119 1.0 16 
120 1.0 13 
121 1.0 16 
122 1.0 10 
123 1.0 9 
124 1.0 13 
125 1.0 18 
126 1.0 16 
127 1.0 13 
128 1.0 18 
129 1.0 12 
130 1.0 21 
131 1.0 12 
132 1.0 12 
133 1.0 16 
134 1.0 11 
135 1.0 12 
136 1.0 10 
137 1.0 18 
138 1.0 12 
139 1.0 12 
140 1.0 13 
141 1.0 15 
142 1.0 16 
143 1.0 16 
144 1.0 19 
145 1.0 14 
146 1.0 12 
147 1.0 13 
148 1.0 10 
149 1.0 17 
150 1.0 11 
151 1.0 14 
152 1.0 14 
153 1.0 10 
154 1.0 13 
155 1.0 13 
156 1.0 29 
157 1.0 9 
158 1.0 14 
159 1.0 11 
160 1.0 10 
161 1.0 13 
162 1.0 17 
163 1.0 16 
164 1.0 11 
165 1.0 13 
166 1.0 9 
167 1.0 9 
168 1.0 20 
169 1.0 13 
170 1.0 9 
171 1.0 27 
172 1.0 16 
173 1.0 12 
174 1.0 10 
175 1.0 17 
176 1.0 12 
177 1.0 20 
178 1.0 9 
179 1.0 17 
180 1.0 10 
181 1.0 9 
182 1.0 11 
183 1.0 11 
184 1.0 14 
185 1.0 11 
186 1.0 9 
187 1.0 10 
188 1.0 10 
189 1.0 16 
190 1.0 13 
191 1.0 11 
192 1.0 12 
193 1.0 18 
194 1.0 11 
195 1.0 9 
196 1.0 11 
197 1.0 12 
198 1.0 12 
199 1.0 15 
200 1.0 10 
201 1.0 14 
202 1.0 14 
203 1.0 14 
204 1.0 8 
205 1.0 10 
206 1.0 10 
207 1.0 12 
208 1.0 10 
209 1.0 12 
210 1.0 10 
211 1.0 9 
212 1.0 11 
213 1.0 11 
214 1.0 11 
215 1.0 17 
216 1.0 8 
217 1.0 12 
218 1.0 15 
219 1.0 13 
220 1.0 12 
221 1.0 14 
222 1.0 11 
223 1.0 12 
224 1.0 13 
225 1.0 11 
226 1.0 12 
227 1.0 13 
228 1.0 11 
229 1.0 9 
230 1.0 11 
231 1.0 13 
232 1.0 10 
233 1.0 11 
234 1.0 11 
235 1.0 11 
236 1.0 9 
237 1.0 11 
238 1.0 11 
239 1.0 14 
240 1.0 9 
241 1.0 9 
242 1.0 10 
243 1.0 10 
244 1.0 11 
245 1.0 10 
246 1.0 10 
247 1.0 9 
248 1.0 13 
249 1.0 10 
250 1.0 12 
251 1.0 13 
252 1.0 9 
253 1.0 10 
254 1.0 10 
255 1.0 11 
256 1.0 14 
257 1.0 10 
258 1.0 10 
259 1.0 8 
260 1.0 10 
261 1.0 9 
262 1.0 13 
263 1.0 12 
264 1.0 13 
265 1.0 12 
266 1.0 16 
267 1.0 10 
268 1.0 12 
269 1.0 11 
270 1.0 11 
271 1.0 9 
272 1.0 10 
273 1.0 9 
274 1.0 9 
275 1.0 10 
276 1.0 9 
277 1.0 12 
278 1.0 10 
279 1.0 11 
280 1.0 17 
281 1.0 12 
282 1.0 10 
283 1.0 14 
284 1.0 9 
285 1.0 10 
286 1.0 10 
287 1.0 11 
288 1.0 14 
289 1.0 9 
290 1.0 12 
291 1.0 11 
292 1.0 17 
293 1.0 10 
294 1.0 12 
295 1.0 10 
296 1.0 11 
297 1.0 13 
298 1.0 10 
299 1.0 13 
300 1.0 10 
301 1.0 12 
302 1.0 11 
303 1.0 15 
304 1.0 13 
305 1.0 10 
306 1.0 59 
307 1.0 13 
308 1.0 11 
309 1.0 34 
310 1.0 14 
311 1.0 145 
312 1.0 15 
313 1.0 113 
314 1.0 15 
315 1.0 10 
316 1.0 12 
317 1.0 11 
318 1.0 16 
319 1.0 91 
320 1.0 139 
321 1.0 12 
322 1.0 14 
323 1.0 23 
324 1.0 169 
325 1.0 105 
326 1.0 148 
327 1.0 76 
328 1.0 102 
329 1.0 115 
330 1.0 120 
331 1.0 70 
332 1.0 142 
333 1.0 97 
334 1.0 216 
335 1.0 189 
336 1.0 121 
337 1.0 98 
338 1.0 83 
339 1.0 49 
340 1.0 31 
341 1.0 111 
342 1.0 131 
343 1.0 40 
344 1.0 77 
345 1.0 31 
346 1.0 59 
347 1.0 60 
348 1.0 56 
349 1.0 46 
350 1.0 112 
351 1.0 46 
352 1.0 81 
353 1.0 24 
354 1.0 42 
355 1.0 75 
356 1.0 44 
357 1.0 76 
358 1.0 175 
359 1.0 83 
360 1.0 99 
361 1.0 59 
362 1.0 26 
363 1.0 28 
364 1.0 42 
365 1.0 63 
366 1.0 73 
367 1.0 49 
368 1.0 46 
369 1.0 44 
370 1.0 55 
371 1.0 80 
372 1.0 74 
373 1.0 56 
374 1.0 130 
375 1.0 56 
376 1.0 32 
377 1.0 68 
378 1.0 251 
379 1.0 111 
380 1.0 101 
381 1.0 154 
382 1.0 133 
383 1.0 95 
384 1.0 42 
385 1.0 24 
386 1.0 23 
387 1.0 27 
388 1.0 29 
389 1.0 91 
390 1.0 104 
391 1.0 43 
392 1.0 51 
393 1.0 42 
394 1.0 115 
395 1.0 262 
396 1.0 161 
397 1.0 143 
398 1.0 123 
399 1.0 190 
400 1.0 126 
401 1.0 168 
402 1.0 232 
403 1.0 296 
404 1.0 500 
405 1.0 82 
406 1.0 225 
407 1.0 119 
408 1.0 68 
409 1.0 61 
410 1.0 40 
411 1.0 40 
412 1.0 37 
413 1.0 39 
414 1.0 79 
415 1.0 52 
416 1.0 38 
417 1.0 39 
418 1.0 45 
419 1.0 71 
420 1.0 51 
421 1.0 81 
422 1.0 95 
423 1.0 33 
424 1.0 99 
425 1.0 77 
426 1.0 39 
427 1.0 34 
428 1.0 87 
429 1.0 92 
430 1.0 85 
431 1.0 75 
432 1.0 140 
433 1.0 98 
434 1.0 39 
435 1.0 51 
436 1.0 72 
437 1.0 93 
438 1.0 139 
439 1.0 89 
440 1.0 78 
441 1.0 120 
442 1.0 82 
443 1.0 135 
444 1.0 30 
445 1.0 46 
446 1.0 35 
447 1.0 21 
448 1.0 48 
449 1.0 140 
450 1.0 36 
451 1.0 62 
452 1.0 33 
453 1.0 36 
454 1.0 122 
455 1.0 51 
456 1.0 50 
457 1.0 122 
458 1.0 38 
459 1.0 165 
460 1.0 254 
461 1.0 98 
462 1.0 59 
463 1.0 60 
464 1.0 59 
465 1.0 140 
466 1.0 88 
467 1.0 122 
468 1.0 28 
469 1.0 54 
470 1.0 33 
471 1.0 35 
472 1.0 39 
473 1.0 60 
474 1.0 125 
475 1.0 62 
476 1.0 23 
477 1.0 23 
478 1.0 26 
479 1.0 45 
480 1.0 49 
481 1.0 181 
482 1.0 133 
483 1.0 116 
484 1.0 79 
485 1.0 123 
486 1.0 75 
487 1.0 97 
488 1.0 87 
489 1.0 109 
490 1.0 41 
491 1.0 44 
492 1.0 36 
493 1.0 29 
494 1.0 37 
495 1.0 89 
496 1.0 64 
497 1.0 42 
498 1.0 20 
499 1.0 25 
500 1.0 24 
501 1.0 44 
502 1.0 46 
503 1.0 47 
504 1.0 59 
505 1.0 48 
506 1.0 55 
507 1.0 87 
508 1.0 268 
509 1.0 153 
510 1.0 164 
511 1.0 120 
512 1.0 160 
513 1.0 196 
514 1.0 125 
515 1.0 346 
516 1.0 163 
517 1.0 319 
518 1.0 69 
519 1.0 55 
520 1.0 230 
521 1.0 116 
522 1.0 25 
523 1.0 21 
524 1.0 18 
525 1.0 13 
526 1.0 19 
527 1.0 17 
528 1.0 14 
529 1.0 11 
530 1.0 13 
531 1.0 11 
532 1.0 14 
533 1.0 14 
534 1.0 14 
535 1.0 15 
536 1.0 12 
537 1.0 12 
538 1.0 15 
539 1.0 11 
540 1.0 12 
541 1.0 15 
542 1.0 14 
543 1.0 16 
544 1.0 19 
545 1.0 17 
546 1.0 18 
547 1.0 21 
548 1.0 16 
549 1.0 14 
550 1.0 16 
551 1.0 14 
552 1.0 13 
553 1.0 12 
554 1.0 18 
555 1.0 12 
556 1.0 13 
557 1.0 14 
558 1.0 16 
559 1.0 18 
560 1.0 18 
561 1.0 20 
562 1.0 15 
563 1.0 14 
564 1.0 17 
565 1.0 18 
566 1.0 17 
567 1.0 13 
568 1.0 17 
569 1.0 14 
570 1.0 13 
571 1.0 22 
572 1.0 26 
573 1.0 31 
574 1.0 16 
575 1.0 12 
576 1.0 19 
577 1.0 90 
578 1.0 81 
579 1.0 167 
580 1.0 308 
581 1.0 92 
582 1.0 70 
583 1.0 197 
584 1.0 126 
585 1.0 57 
586 1.0 97 
587 1.0 142 
588 1.0 138 
589 1.0 140 
590 1.0 134 
591 1.0 172 
592 1.0 138 
593 1.0 154 
594 1.0 177 
595 1.0 26 
596 1.0 165 
597 1.0 236 
598 1.0 225 
599 1.0 259 
600 1.0 497 
601 1.0 346 
602 1.0 471 
603 1.0 184 
604 1.0 194 
605 1.0 215 
606 1.0 189 
607 1.0 208 
608 1.0 230 
609 1.0 273 
610 1.0 434 
611 1.0 279 
612 1.0 369 
613 1.0 301 
614 1.0 44 
615 1.0 55 
616 1.0 66 
617 1.0 62 
618 1.0 83 
619 1.0 107 
620 1.0 252 
621 1.0 208 
622 1.0 52 
623 1.0 67 
624 1.0 24 
625 1.0 26 
626 1.0 16 
627 1.0 17 
628 1.0 21 
629 1.0 24 
630 1.0 15 
631 1.0 13 
632 1.0 14 
633 1.0 14 
634 1.0 16 
635 1.0 19 
636 1.0 26 
637 1.0 24 
638 1.0 22 
639 1.0 16 
640 1.0 22 
641 1.0 16 
642 1.0 21 
643 1.0 15 
644 1.0 15 
645 1.0 17 
646 1.0 16 
647 1.0 17 
648 1.0 14 
649 1.0 20 
650 1.0 21 
651 1.0 20 
652 1.0 21 
653 1.0 30 
654 1.0 21 
655 1.0 21 
656 1.0 20 
657 1.0 14 
658 1.0 20 
659 1.0 18 
660 1.0 16 
661 1.0 20 
662 1.0 19 
663 1.0 62 
664 1.0 78 
665 1.0 286 
666 1.0 217 
667 1.0 185 
668 1.0 193 
669 1.0 133 
670 1.0 36 
671 1.0 28 
672 1.0 26 
673 1.0 41 
674 1.0 85 
675 1.0 123 
676 1.0 67 
677 1.0 37 
678 1.0 55 
679 1.0 90 
680 1.0 155 
681 1.0 113 
682 1.0 160 
683 1.0 245 
684 1.0 172 
685 1.0 120 
686 1.0 268 
687 1.0 183 
688 1.0 500 
689 1.0 187 
690 1.0 177 
691 1.0 175 
692 1.0 186 
693 1.0 57 
694 1.0 70 
695 1.0 79 
696 1.0 184 
697 1.0 166 
698 1.0 174 
699 1.0 133 
700 1.0 158 
701 1.0 175 
702 1.0 213 
703 1.0 139 
704 1.0 135 
705 1.0 172 
706 1.0 177 
707 1.0 230 
708 1.0 500 
709 1.0 185 
710 1.0 275 
711 1.0 214 
712 1.0 213 
713 1.0 339 
714 1.0 110 
715 1.0 120 
716 1.0 105 
717 1.0 88 
718 1.0 98 
719 1.0 207 
720 1.0 157 
721 1.0 209 
722 1.0 113 
723 1.0 65 
724 1.0 92 
725 1.0 197 
726 1.0 110 
727 1.0 24 
728 1.0 18 
729 1.0 33 
730 1.0 97 
731 1.0 134 
732 1.0 251 
733 1.0 101 
734 1.0 25 
735 1.0 35 
736 1.0 87 
737 1.0 23 
738 1.0 147 
739 1.0 186 
740 1.0 24 
741 1.0 33 
742 1.0 107 
743 1.0 98 
744 1.0 23 
745 1.0 27 
746 1.0 21 
747 1.0 37 
748 1.0 19 
749 1.0 114 
750 1.0 127 
751 1.0 121 
752 1.0 122 
753 1.0 456 
754 1.0 113 
755 1.0 426 
756 1.0 104 
757 1.0 107 
758 1.0 34 
759 1.0 44 
760 1.0 63 
761 1.0 37 
762 1.0 30 
763 1.0 88 
764 1.0 51 
765 1.0 47 
766 1.0 27 
767 1.0 62 
768 1.0 80 
769 1.0 115 
770 1.0 188 
771 1.0 142 
772 1.0 191 
773 1.0 434 
774 1.0 254 
775 1.0 500 
776 1.0 103 
777 1.0 104 
778 1.0 115 
779 1.0 194 
780 1.0 500 
781 1.0 318 
782 1.0 192 
783 1.0 143 
784 1.0 98 
785 1.0 130 
786 1.0 140 
787 1.0 132 
788 1.0 145 
789 1.0 166 
790 1.0 162 
791 1.0 210 
792 1.0 500 
793 1.0 280 
794 1.0 210 
795 1.0 348 
796 1.0 227 
797 1.0 280 
798 1.0 363 
799 1.0 257 
800 1.0 233 
801 1.0 298 
802 1.0 476 
803 1.0 318 
804 1.0 185 
805 1.0 193 
806 1.0 500 
807 1.0 214 
808 1.0 296 
809 1.0 469 
810 1.0 183 
811 1.0 247 
812 1.0 250 
813 1.0 68 
814 1.0 240 
815 1.0 117 
816 1.0 150 
817 1.0 335 
818 1.0 290 
819 1.0 247 
820 1.0 239 
821 1.0 156 
822 1.0 137 
823 1.0 136 
824 1.0 41 
825 1.0 25 
826 1.0 20 
827 1.0 21 
828 1.0 18 
829 1.0 29 
830 1.0 24 
831 1.0 18 
832 1.0 20 
833 1.0 22 
834 1.0 16 
835 1.0 21 
836 1.0 16 
837 1.0 21 
838 1.0 14 
839 1.0 17 
840 1.0 15 
841 1.0 22 
842 1.0 21 
843 1.0 19 
844 1.0 18 
845 1.0 22 
846 1.0 32 
847 1.0 30 
848 1.0 44 
849 1.0 29 
850 1.0 48 
851 1.0 15 
852 1.0 20 
853 1.0 14 
854 1.0 16 
855 1.0 12 
856 1.0 13 
857 1.0 17 
858 1.0 14 
859 1.0 13 
860 1.0 12 
861 1.0 12 
862 1.0 13 
863 1.0 13 
864 1.0 11 
865 1.0 11 
866 1.0 11 
867 1.0 11 
868 1.0 12 
869 1.0 14 
870 1.0 12 
871 1.0 13 
872 1.0 13 
873 1.0 16 
874 1.0 12 
875 1.0 17 
876 1.0 15 
877 1.0 17 
878 1.0 19 
879 1.0 17 
880 1.0 14 
881 1.0 15 
882 1.0 25 
883 1.0 22 
884 1.0 29 
885 1.0 127 
886 1.0 313 
887 1.0 233 
888 1.0 231 
889 1.0 64 
890 1.0 70 
891 1.0 94 
892 1.0 105 
893 1.0 126 
894 1.0 58 
895 1.0 126 
896 1.0 153 
897 1.0 130 
898 1.0 200 
899 1.0 109 
900 1.0 41 
901 1.0 50 
902 1.0 67 
903 1.0 88 
904 1.0 97 
905 1.0 109 
906 1.0 157 
907 1.0 138 
908 1.0 189 
909 1.0 87 
910 1.0 75 
911 1.0 91 
912 1.0 111 
913 1.0 112 
914 1.0 133 
915 1.0 130 
916 1.0 119 
917 1.0 151 
918 1.0 144 
919 1.0 200 
920 1.0 108 
921 1.0 106 
922 1.0 104 
923 1.0 101 
924 1.0 200 
925 1.0 185 
926 1.0 153 
927 1.0 131 
928 1.0 129 
929 1.0 134 
930 1.0 146 
931 1.0 149 
932 1.0 381 
933 1.0 185 
934 1.0 163 
935 1.0 126 
936 1.0 213 
937 1.0 349 
938 1.0 160 
939 1.0 148 
940 1.0 183 
941 1.0 203 
942 1.0 104 
943 1.0 107 
944 1.0 335 
945 1.0 127 
946 1.0 140 
947 1.0 160 
948 1.0 136 
949 1.0 141 
950 1.0 382 
951 1.0 136 
952 1.0 441 
953 1.0 382 
954 1.0 337 
955 1.0 140 
956 1.0 135 
957 1.0 373 
958 1.0 192 
959 1.0 83 
960 1.0 87 
961 1.0 500 
962 1.0 109 
963 1.0 97 
964 1.0 381 
965 1.0 103 
966 1.0 100 
967 1.0 118 
968 1.0 151 
969 1.0 117 
970 1.0 230 
971 1.0 153 
972 1.0 113 
973 1.0 81 
974 1.0 83 
975 1.0 71 
976 1.0 78 
977 1.0 96 
978 1.0 99 
979 1.0 89 
980 1.0 96 
981 1.0 117 
982 1.0 96 
983 1.0 95 
984 1.0 92 
985 1.0 103 
986 1.0 98 
987 1.0 100 
988 1.0 95 
989 1.0 83 
990 1.0 83 
991 1.0 89 
992 1.0 88 
993 1.0 83 
994 1.0 82 
995 1.0 68 
996 1.0 80 
997 1.0 83 
998 1.0 91 
999 1.0 77 
1000 1.0 100
