0 1.0 29 
1 1.0 26 
2 1.0 11 
3 1.0 19 
4 1.0 24 
5 1.0 17 
6 1.0 28 
7 1.0 32 
8 1.0 13 
9 1.0 14 
10 1.0 29 
11 1.0 25 
12 1.0 24 
13 1.0 43 
14 1.0 45 
15 1.0 16 
16 1.0 14 
17 1.0 40 
18 1.0 32 
19 1.0 25 
20 1.0 15 
21 1.0 16 
22 1.0 20 
23 1.0 16 
24 1.0 11 
25 1.0 15 
26 1.0 21 
27 1.0 15 
28 1.0 15 
29 1.0 45 
30 1.0 13 
31 1.0 13 
32 1.0 17 
33 1.0 18 
34 1.0 18 
35 1.0 15 
36 1.0 43 
37 1.0 20 
38 1.0 22 
39 1.0 21 
40 1.0 16 
41 1.0 10 
42 1.0 15 
43 1.0 14 
44 1.0 31 
45 1.0 27 
46 1.0 13 
47 1.0 32 
48 1.0 9 
49 1.0 30 
50 1.0 35 
51 1.0 21 
52 1.0 13 
53 1.0 49 
54 1.0 17 
55 1.0 31 
56 1.0 16 
57 1.0 16 
58 1.0 14 
59 1.0 22 
60 1.0 12 
61 1.0 22 
62 1.0 10 
63 1.0 13 
64 1.0 14 
65 1.0 12 
66 1.0 15 
67 1.0 15 
68 1.0 14 
69 1.0 9 
70 1.0 12 
71 1.0 12 
72 1.0 11 
73 1.0 18 
74 1.0 40 
75 1.0 19 
76 1.0 11 
77 1.0 8 
78 1.0 9 
79 1.0 18 
80 1.0 12 
81 1.0 9 
82 1.0 14 
83 1.0 15 
84 1.0 26 
85 1.0 9 
86 1.0 13 
87 1.0 59 
88 1.0 33 
89 1.0 18 
90 1.0 16 
91 1.0 12 
92 1.0 11 
93 1.0 17 
94 1.0 11 
95 1.0 13 
96 1.0 30 
97 1.0 12 
98 1.0 14 
99 1.0 23 
100 1.0 13 
101 1.0 13 
102 1.0 13 
103 1.0 9 
104 1.0 16 
105 1.0 12 
106 1.0 20 
107 1.0 11 
108 1.0 12 
109 1.0 14 
110 1.0 11 
111 1.0 12 
112 1.0 19 
113 1.0 14 
114 1.0 20 
115 1.0 9 
116 1.0 11 
117 1.0 12 
118 1.0 11 
119 1.0 9 
120 1.0 14 
121 1.0 22 
122 1.0 14 
123 1.0 12 
124 1.0 13 
125 1.0 10 
126 1.0 13 
127 1.0 30 
128 1.0 13 
129 1.0 21 
130 1.0 13 
131 1.0 16 
132 1.0 11 
133 1.0 12 
134 1.0 12 
135 1.0 34 
136 1.0 11 
137 1.0 21 
138 1.0 15 
139 1.0 13 
140 1.0 11 
141 1.0 10 
142 1.0 8 
143 1.0 10 
144 1.0 13 
145 1.0 14 
146 1.0 13 
147 1.0 20 
148 1.0 14 
149 1.0 10 
150 1.0 11 
151 1.0 12 
152 1.0 15 
153 1.0 13 
154 1.0 11 
155 1.0 10 
156 1.0 18 
157 1.0 11 
158 1.0 10 
159 1.0 20 
160 1.0 13 
161 1.0 29 
162 1.0 11 
163 1.0 12 
164 1.0 12 
165 1.0 16 
166 1.0 9 
167 1.0 11 
168 1.0 14 
169 1.0 11 
170 1.0 11 
171 1.0 10 
172 1.0 9 
173 1.0 10 
174 1.0 23 
175 1.0 10 
176 1.0 9 
177 1.0 10 
178 1.0 10 
179 1.0 12 
180 1.0 8 
181 1.0 9 
182 1.0 12 
183 1.0 13 
184 1.0 9 
185 1.0 16 
186 1.0 14 
187 1.0 10 
188 1.0 15 
189 1.0 13 
190 1.0 15 
191 1.0 12 
192 1.0 12 
193 1.0 9 
194 1.0 13 
195 1.0 11 
196 1.0 12 
197 1.0 12 
198 1.0 12 
199 1.0 11 
200 1.0 15 
201 1.0 9 
202 1.0 9 
203 1.0 13 
204 1.0 14 
205 1.0 11 
206 1.0 12 
207 1.0 8 
208 1.0 12 
209 1.0 10 
210 1.0 9 
211 1.0 12 
212 1.0 11 
213 1.0 11 
214 1.0 10 
215 1.0 11 
216 1.0 12 
217 1.0 10 
218 1.0 10 
219 1.0 10 
220 1.0 11 
221 1.0 12 
222 1.0 9 
223 1.0 9 
224 1.0 10 
225 1.0 12 
226 1.0 11 
227 1.0 12 
228 1.0 11 
229 1.0 12 
230 1.0 9 
231 1.0 12 
232 1.0 14 
233 1.0 10 
234 1.0 13 
235 1.0 19 
236 1.0 14 
237 1.0 14 
238 1.0 11 
239 1.0 13 
240 1.0 10 
241 1.0 8 
242 1.0 9 
243 1.0 10 
244 1.0 11 
245 1.0 10 
246 1.0 13 
247 1.0 12 
248 1.0 14 
249 1.0 10 
250 1.0 16 
251 1.0 9 
252 1.0 13 
253 1.0 10 
254 1.0 8 
255 1.0 9 
256 1.0 10 
257 1.0 14 
258 1.0 13 
259 1.0 9 
260 1.0 11 
261 1.0 13 
262 1.0 10 
263 1.0 12 
264 1.0 11 
265 1.0 10 
266 1.0 10 
267 1.0 9 
268 1.0 17 
269 1.0 11 
270 1.0 12 
271 1.0 20 
272 1.0 11 
273 1.0 10 
274 1.0 9 
275 1.0 12 
276 1.0 11 
277 1.0 11 
278 1.0 11 
279 1.0 8 
280 1.0 8 
281 1.0 12 
282 1.0 14 
283 1.0 10 
284 1.0 10 
285 1.0 12 
286 1.0 14 
287 1.0 10 
288 1.0 11 
289 1.0 10 
290 1.0 9 
291 1.0 10 
292 1.0 11 
293 1.0 9 
294 1.0 13 
295 1.0 13 
296 1.0 9 
297 1.0 10 
298 1.0 9 
299 1.0 9 
300 1.0 8 
301 1.0 12 
302 1.0 11 
303 1.0 11 
304 1.0 10 
305 1.0 9 
306 1.0 11 
307 1.0 9 
308 1.0 15 
309 1.0 14 
310 1.0 9 
311 1.0 11 
312 1.0 22 
313 1.0 19 
314 1.0 21 
315 1.0 14 
316 1.0 20 
317 1.0 35 
318 1.0 65 
319 1.0 22 
320 1.0 35 
321 1.0 57 
322 1.0 31 
323 1.0 15 
324 1.0 10 
325 1.0 11 
326 1.0 13 
327 1.0 10 
328 1.0 11 
329 1.0 10 
330 1.0 12 
331 1.0 10 
332 1.0 10 
333 1.0 12 
334 1.0 9 
335 1.0 16 
336 1.0 10 
337 1.0 10 
338 1.0 12 
339 1.0 9 
340 1.0 10 
341 1.0 11 
342 1.0 11 
343 1.0 11 
344 1.0 10 
345 1.0 14 
346 1.0 10 
347 1.0 13 
348 1.0 11 
349 1.0 10 
350 1.0 9 
351 1.0 9 
352 1.0 11 
353 1.0 10 
354 1.0 11 
355 1.0 11 
356 1.0 10 
357 1.0 10 
358 1.0 9 
359 1.0 10 
360 1.0 8 
361 1.0 14 
362 1.0 10 
363 1.0 12 
364 1.0 12 
365 1.0 9 
366 1.0 11 
367 1.0 13 
368 1.0 8 
369 1.0 12 
370 1.0 9 
371 1.0 10 
372 1.0 19 
373 1.0 10 
374 1.0 16 
375 1.0 13 
376 1.0 9 
377 1.0 10 
378 1.0 10 
379 1.0 11 
380 1.0 10 
381 1.0 8 
382 1.0 11 
383 1.0 11 
384 1.0 12 
385 1.0 10 
386 1.0 11 
387 1.0 12 
388 1.0 13 
389 1.0 11 
390 1.0 10 
391 1.0 8 
392 1.0 10 
393 1.0 10 
394 1.0 10 
395 1.0 8 
396 1.0 10 
397 1.0 9 
398 1.0 11 
399 1.0 10 
400 1.0 12 
401 1.0 12 
402 1.0 10 
403 1.0 12 
404 1.0 10 
405 1.0 11 
406 1.0 11 
407 1.0 9 
408 1.0 10 
409 1.0 12 
410 1.0 12 
411 1.0 10 
412 1.0 9 
413 1.0 10 
414 1.0 10 
415 1.0 9 
416 1.0 9 
417 1.0 13 
418 1.0 9 
419 1.0 11 
420 1.0 8 
421 1.0 9 
422 1.0 8 
423 1.0 10 
424 1.0 10 
425 1.0 9 
426 1.0 11 
427 1.0 10 
428 1.0 8 
429 1.0 10 
430 1.0 10 
431 1.0 10 
432 1.0 9 
433 1.0 12 
434 1.0 8 
435 1.0 9 
436 1.0 11 
437 1.0 10 
438 1.0 10 
439 1.0 10 
440 1.0 9 
441 1.0 8 
442 1.0 11 
443 1.0 8 
444 1.0 11 
445 1.0 10 
446 1.0 11 
447 1.0 8 
448 1.0 9 
449 1.0 11 
450 1.0 9 
451 1.0 10 
452 1.0 10 
453 1.0 9 
454 1.0 10 
455 1.0 9 
456 1.0 9 
457 1.0 10 
458 1.0 11 
459 1.0 13 
460 1.0 17 
461 1.0 9 
462 1.0 10 
463 1.0 10 
464 1.0 10 
465 1.0 10 
466 1.0 9 
467 1.0 10 
468 1.0 10 
469 1.0 10 
470 1.0 9 
471 1.0 12 
472 1.0 9 
473 1.0 10 
474 1.0 10 
475 1.0 9 
476 1.0 10 
477 1.0 11 
478 1.0 9 
479 1.0 13 
480 1.0 8 
481 1.0 9 
482 1.0 9 
483 1.0 9 
484 1.0 9 
485 1.0 12 
486 1.0 11 
487 1.0 9 
488 1.0 9 
489 1.0 10 
490 1.0 8 
491 1.0 10 
492 1.0 11 
493 1.0 9 
494 1.0 9 
495 1.0 10 
496 1.0 10 
497 1.0 9 
498 1.0 9 
499 1.0 9 
500 1.0 9 
501 1.0 10 
502 1.0 9 
503 1.0 10 
504 1.0 8 
505 1.0 10 
506 1.0 14 
507 1.0 11 
508 1.0 9 
509 1.0 10 
510 1.0 10 
511 1.0 10 
512 1.0 8 
513 1.0 10 
514 1.0 9 
515 1.0 12 
516 1.0 10 
517 1.0 11 
518 1.0 9 
519 1.0 10 
520 1.0 9 
521 1.0 10 
522 1.0 9 
523 1.0 13 
524 1.0 9 
525 1.0 10 
526 1.0 8 
527 1.0 9 
528 1.0 9 
529 1.0 9 
530 1.0 9 
531 1.0 12 
532 1.0 10 
533 1.0 9 
534 1.0 9 
535 1.0 11 
536 1.0 8 
537 1.0 9 
538 1.0 10 
539 1.0 9 
540 1.0 8 
541 1.0 11 
542 1.0 9 
543 1.0 10 
544 1.0 10 
545 1.0 10 
546 1.0 10 
547 1.0 8 
548 1.0 9 
549 1.0 9 
550 1.0 11 
551 1.0 9 
552 1.0 9 
553 1.0 9 
554 1.0 11 
555 1.0 9 
556 1.0 11 
557 1.0 9 
558 1.0 9 
559 1.0 11 
560 1.0 8 
561 1.0 10 
562 1.0 10 
563 1.0 10 
564 1.0 10 
565 1.0 10 
566 1.0 11 
567 1.0 10 
568 1.0 9 
569 1.0 11 
570 1.0 9 
571 1.0 8 
572 1.0 11 
573 1.0 9 
574 1.0 10 
575 1.0 11 
576 1.0 11 
577 1.0 9 
578 1.0 12 
579 1.0 9 
580 1.0 15 
581 1.0 10 
582 1.0 12 
583 1.0 10 
584 1.0 10 
585 1.0 9 
586 1.0 9 
587 1.0 12 
588 1.0 9 
589 1.0 12 
590 1.0 11 
591 1.0 11 
592 1.0 10 
593 1.0 15 
594 1.0 27 
595 1.0 23 
596 1.0 27 
597 1.0 18 
598 1.0 27 
599 1.0 22 
600 1.0 32 
601 1.0 17 
602 1.0 25 
603 1.0 31 
604 1.0 22 
605 1.0 24 
606 1.0 25 
607 1.0 21 
608 1.0 17 
609 1.0 24 
610 1.0 31 
611 1.0 56 
612 1.0 38 
613 1.0 38 
614 1.0 29 
615 1.0 23 
616 1.0 30 
617 1.0 70 
618 1.0 35 
619 1.0 37 
620 1.0 32 
621 1.0 17 
622 1.0 16 
623 1.0 24 
624 1.0 38 
625 1.0 47 
626 1.0 31 
627 1.0 49 
628 1.0 59 
629 1.0 35 
630 1.0 25 
631 1.0 23 
632 1.0 41 
633 1.0 27 
634 1.0 32 
635 1.0 28 
636 1.0 45 
637 1.0 27 
638 1.0 26 
639 1.0 36 
640 1.0 29 
641 1.0 31 
642 1.0 94 
643 1.0 18 
644 1.0 30 
645 1.0 61 
646 1.0 21 
647 1.0 29 
648 1.0 36 
649 1.0 29 
650 1.0 25 
651 1.0 29 
652 1.0 39 
653 1.0 15 
654 1.0 26 
655 1.0 24 
656 1.0 28 
657 1.0 53 
658 1.0 28 
659 1.0 28 
660 1.0 27 
661 1.0 29 
662 1.0 49 
663 1.0 33 
664 1.0 19 
665 1.0 38 
666 1.0 83 
667 1.0 49 
668 1.0 75 
669 1.0 30 
670 1.0 23 
671 1.0 24 
672 1.0 28 
673 1.0 19 
674 1.0 17 
675 1.0 29 
676 1.0 19 
677 1.0 20 
678 1.0 26 
679 1.0 26 
680 1.0 28 
681 1.0 40 
682 1.0 33 
683 1.0 30 
684 1.0 44 
685 1.0 66 
686 1.0 80 
687 1.0 36 
688 1.0 52 
689 1.0 59 
690 1.0 37 
691 1.0 43 
692 1.0 31 
693 1.0 73 
694 1.0 30 
695 1.0 142 
696 1.0 29 
697 1.0 65 
698 1.0 35 
699 1.0 55 
700 1.0 35 
701 1.0 30 
702 1.0 19 
703 1.0 12 
704 1.0 23 
705 1.0 81 
706 1.0 17 
707 1.0 28 
708 1.0 28 
709 1.0 92 
710 1.0 65 
711 1.0 36 
712 1.0 32 
713 1.0 52 
714 1.0 31 
715 1.0 145 
716 1.0 57 
717 1.0 39 
718 1.0 26 
719 1.0 67 
720 1.0 45 
721 1.0 31 
722 1.0 22 
723 1.0 24 
724 1.0 26 
725 1.0 36 
726 1.0 25 
727 1.0 39 
728 1.0 169 
729 1.0 53 
730 1.0 59 
731 1.0 35 
732 1.0 36 
733 1.0 152 
734 1.0 41 
735 1.0 34 
736 1.0 39 
737 1.0 44 
738 1.0 29 
739 1.0 22 
740 1.0 16 
741 1.0 20 
742 1.0 39 
743 1.0 34 
744 1.0 45 
745 1.0 51 
746 1.0 133 
747 1.0 37 
748 1.0 15 
749 1.0 33 
750 1.0 12 
751 1.0 252 
752 1.0 64 
753 1.0 74 
754 1.0 52 
755 1.0 33 
756 1.0 61 
757 1.0 49 
758 1.0 55 
759 1.0 337 
760 1.0 66 
761 1.0 19 
762 1.0 29 
763 1.0 34 
764 1.0 40 
765 1.0 147 
766 1.0 58 
767 1.0 40 
768 1.0 25 
769 1.0 363 
770 1.0 93 
771 1.0 104 
772 1.0 104 
773 1.0 96 
774 1.0 122 
775 1.0 68 
776 1.0 102 
777 1.0 103 
778 1.0 115 
779 1.0 343 
780 1.0 46 
781 1.0 86 
782 1.0 61 
783 1.0 119 
784 1.0 62 
785 1.0 147 
786 1.0 53 
787 1.0 100 
788 1.0 47 
789 1.0 46 
790 1.0 87 
791 1.0 124 
792 1.0 56 
793 1.0 77 
794 1.0 41 
795 1.0 72 
796 1.0 88 
797 1.0 102 
798 1.0 147 
799 1.0 80 
800 1.0 55 
801 1.0 94 
802 1.0 47 
803 1.0 36 
804 1.0 82 
805 1.0 140 
806 1.0 67 
807 1.0 127 
808 1.0 98 
809 1.0 101 
810 1.0 104 
811 1.0 300 
812 1.0 295 
813 1.0 120 
814 1.0 30 
815 1.0 12 
816 1.0 207 
817 1.0 33 
818 1.0 47 
819 1.0 37 
820 1.0 84 
821 1.0 35 
822 1.0 31 
823 1.0 54 
824 1.0 69 
825 1.0 95 
826 1.0 105 
827 1.0 126 
828 1.0 137 
829 1.0 80 
830 1.0 83 
831 1.0 276 
832 1.0 100 
833 1.0 183 
834 1.0 97 
835 1.0 82 
836 1.0 84 
837 1.0 96 
838 1.0 126 
839 1.0 124 
840 1.0 290 
841 1.0 500 
842 1.0 106 
843 1.0 181 
844 1.0 55 
845 1.0 232 
846 1.0 83 
847 1.0 72 
848 1.0 89 
849 1.0 110 
850 1.0 141 
851 1.0 401 
852 1.0 26 
853 1.0 25 
854 1.0 39 
855 1.0 45 
856 1.0 53 
857 1.0 61 
858 1.0 55 
859 1.0 24 
860 1.0 38 
861 1.0 43 
862 1.0 10 
863 1.0 10 
864 1.0 110 
865 1.0 10 
866 1.0 8 
867 1.0 110 
868 1.0 213 
869 1.0 116 
870 1.0 105 
871 1.0 71 
872 1.0 230 
873 1.0 183 
874 1.0 37 
875 1.0 21 
876 1.0 19 
877 1.0 25 
878 1.0 28 
879 1.0 23 
880 1.0 29 
881 1.0 40 
882 1.0 107 
883 1.0 99 
884 1.0 163 
885 1.0 219 
886 1.0 97 
887 1.0 103 
888 1.0 95 
889 1.0 275 
890 1.0 230 
891 1.0 71 
892 1.0 147 
893 1.0 57 
894 1.0 46 
895 1.0 95 
896 1.0 33 
897 1.0 58 
898 1.0 54 
899 1.0 83 
900 1.0 126 
901 1.0 69 
902 1.0 131 
903 1.0 88 
904 1.0 56 
905 1.0 54 
906 1.0 56 
907 1.0 73 
908 1.0 60 
909 1.0 50 
910 1.0 79 
911 1.0 77 
912 1.0 86 
913 1.0 74 
914 1.0 78 
915 1.0 88 
916 1.0 93 
917 1.0 75 
918 1.0 81 
919 1.0 93 
920 1.0 150 
921 1.0 149 
922 1.0 100 
923 1.0 86 
924 1.0 126 
925 1.0 274 
926 1.0 134 
927 1.0 142 
928 1.0 126 
929 1.0 86 
930 1.0 73 
931 1.0 160 
932 1.0 98 
933 1.0 92 
934 1.0 208 
935 1.0 102 
936 1.0 144 
937 1.0 10 
938 1.0 9 
939 1.0 276 
940 1.0 388 
941 1.0 121 
942 1.0 71 
943 1.0 141 
944 1.0 421 
945 1.0 80 
946 1.0 101 
947 1.0 152 
948 1.0 282 
949 1.0 111 
950 1.0 18 
951 1.0 23 
952 1.0 18 
953 1.0 21 
954 1.0 28 
955 1.0 21 
956 1.0 26 
957 1.0 30 
958 1.0 56 
959 1.0 30 
960 1.0 26 
961 1.0 25 
962 1.0 30 
963 1.0 59 
964 1.0 49 
965 1.0 59 
966 1.0 68 
967 1.0 45 
968 1.0 52 
969 1.0 285 
970 1.0 86 
971 1.0 100 
972 1.0 94 
973 1.0 145 
974 1.0 120 
975 1.0 141 
976 1.0 73 
977 1.0 64 
978 1.0 205 
979 1.0 195 
980 1.0 85 
981 1.0 76 
982 1.0 84 
983 1.0 64 
984 1.0 39 
985 1.0 65 
986 1.0 85 
987 1.0 373 
988 1.0 97 
989 1.0 9 
990 1.0 9 
991 1.0 10 
992 1.0 76 
993 1.0 160 
994 1.0 374 
995 1.0 134 
996 1.0 107 
997 1.0 121 
998 1.0 39 
999 1.0 63 
1000 1.0 45 
1001 1.0 54 
1002 1.0 21 
1003 1.0 16 
1004 1.0 17 
1005 1.0 15 
1006 1.0 17 
1007 1.0 17 
1008 1.0 17 
1009 1.0 16 
1010 1.0 18 
1011 1.0 12 
1012 1.0 18 
1013 1.0 14 
1014 1.0 17 
1015 1.0 16 
1016 1.0 12 
1017 1.0 20 
1018 1.0 14 
1019 1.0 12 
1020 1.0 14 
1021 1.0 11 
1022 1.0 10 
1023 1.0 10 
1024 1.0 9 
1025 1.0 10 
1026 1.0 12 
1027 1.0 10 
1028 1.0 10 
1029 1.0 10 
1030 1.0 13 
1031 1.0 13 
1032 1.0 18 
1033 1.0 11 
1034 1.0 11 
1035 1.0 13 
1036 1.0 15 
1037 1.0 17 
1038 1.0 17 
1039 1.0 16 
1040 1.0 13 
1041 1.0 11 
1042 1.0 18 
1043 1.0 14 
1044 1.0 18 
1045 1.0 19 
1046 1.0 22 
1047 1.0 16 
1048 1.0 19 
1049 1.0 20 
1050 1.0 24 
1051 1.0 23 
1052 1.0 46 
1053 1.0 50 
1054 1.0 24 
1055 1.0 18 
1056 1.0 24 
1057 1.0 21 
1058 1.0 22 
1059 1.0 14 
1060 1.0 18 
1061 1.0 21 
1062 1.0 21 
1063 1.0 21 
1064 1.0 19 
1065 1.0 21 
1066 1.0 20 
1067 1.0 25 
1068 1.0 65 
1069 1.0 64 
1070 1.0 54 
1071 1.0 91 
1072 1.0 50 
1073 1.0 10 
1074 1.0 98 
1075 1.0 145 
1076 1.0 74 
1077 1.0 141 
1078 1.0 429 
1079 1.0 153 
1080 1.0 72 
1081 1.0 105 
1082 1.0 87 
1083 1.0 106 
1084 1.0 56 
1085 1.0 153 
1086 1.0 70 
1087 1.0 79 
1088 1.0 109 
1089 1.0 62 
1090 1.0 81 
1091 1.0 78 
1092 1.0 106 
1093 1.0 94 
1094 1.0 93 
1095 1.0 96 
1096 1.0 95 
1097 1.0 67 
1098 1.0 110 
1099 1.0 87 
1100 1.0 44 
1101 1.0 79 
1102 1.0 42 
1103 1.0 50 
1104 1.0 73 
1105 1.0 206 
1106 1.0 72 
1107 1.0 67 
1108 1.0 96 
1109 1.0 70 
1110 1.0 123 
1111 1.0 186 
1112 1.0 95 
1113 1.0 79 
1114 1.0 126 
1115 1.0 59 
1116 1.0 10 
1117 1.0 286 
1118 1.0 112 
1119 1.0 91 
1120 1.0 68 
1121 1.0 115 
1122 1.0 84 
1123 1.0 107 
1124 1.0 87 
1125 1.0 132 
1126 1.0 79 
1127 1.0 93 
1128 1.0 167 
1129 1.0 10 
1130 1.0 101 
1131 1.0 103 
1132 1.0 42 
1133 1.0 46 
1134 1.0 41 
1135 1.0 27 
1136 1.0 18 
1137 1.0 19 
1138 1.0 14 
1139 1.0 16 
1140 1.0 15 
1141 1.0 19 
1142 1.0 16 
1143 1.0 24 
1144 1.0 22 
1145 1.0 22 
1146 1.0 74 
1147 1.0 45 
1148 1.0 46 
1149 1.0 49 
1150 1.0 172 
1151 1.0 82 
1152 1.0 61 
1153 1.0 64 
1154 1.0 64 
1155 1.0 59 
1156 1.0 23 
1157 1.0 20 
1158 1.0 14 
1159 1.0 13 
1160 1.0 16 
1161 1.0 15 
1162 1.0 15 
1163 1.0 11 
1164 1.0 13 
1165 1.0 13 
1166 1.0 15 
1167 1.0 15 
1168 1.0 20 
1169 1.0 14 
1170 1.0 12 
1171 1.0 15 
1172 1.0 17 
1173 1.0 17 
1174 1.0 12 
1175 1.0 13 
1176 1.0 14 
1177 1.0 17 
1178 1.0 17 
1179 1.0 19 
1180 1.0 19 
1181 1.0 23 
1182 1.0 18 
1183 1.0 60 
1184 1.0 53 
1185 1.0 63 
1186 1.0 52 
1187 1.0 64 
1188 1.0 20 
1189 1.0 92 
1190 1.0 74 
1191 1.0 64 
1192 1.0 96 
1193 1.0 226 
1194 1.0 167 
1195 1.0 99 
1196 1.0 70 
1197 1.0 88 
1198 1.0 83 
1199 1.0 138 
1200 1.0 83 
1201 1.0 94 
1202 1.0 66 
1203 1.0 98 
1204 1.0 72 
1205 1.0 68 
1206 1.0 62 
1207 1.0 77 
1208 1.0 71 
1209 1.0 64 
1210 1.0 15 
1211 1.0 15 
1212 1.0 21 
1213 1.0 69 
1214 1.0 70 
1215 1.0 65 
1216 1.0 80 
1217 1.0 89 
1218 1.0 180 
1219 1.0 202 
1220 1.0 115 
1221 1.0 78 
1222 1.0 103 
1223 1.0 70 
1224 1.0 66 
1225 1.0 43 
1226 1.0 37 
1227 1.0 40 
1228 1.0 35 
1229 1.0 48 
1230 1.0 76 
1231 1.0 76 
1232 1.0 71 
1233 1.0 71 
1234 1.0 61 
1235 1.0 62 
1236 1.0 54 
1237 1.0 86 
1238 1.0 74 
1239 1.0 136 
1240 1.0 159 
1241 1.0 76 
1242 1.0 97 
1243 1.0 255 
1244 1.0 162 
1245 1.0 76 
1246 1.0 61 
1247 1.0 167 
1248 1.0 50 
1249 1.0 85 
1250 1.0 81 
1251 1.0 73 
1252 1.0 86 
1253 1.0 126 
1254 1.0 158 
1255 1.0 79 
1256 1.0 52 
1257 1.0 50 
1258 1.0 115 
1259 1.0 141 
1260 1.0 126 
1261 1.0 435 
1262 1.0 127 
1263 1.0 225 
1264 1.0 139 
1265 1.0 124 
1266 1.0 90 
1267 1.0 191 
1268 1.0 97 
1269 1.0 100 
1270 1.0 85 
1271 1.0 108 
1272 1.0 106 
1273 1.0 279 
1274 1.0 210 
1275 1.0 279 
1276 1.0 121 
1277 1.0 288 
1278 1.0 99 
1279 1.0 99 
1280 1.0 129 
1281 1.0 186 
1282 1.0 497 
1283 1.0 168 
1284 1.0 217 
1285 1.0 174 
1286 1.0 150 
1287 1.0 126 
1288 1.0 100 
1289 1.0 130 
1290 1.0 153 
1291 1.0 500 
1292 1.0 135 
1293 1.0 112 
1294 1.0 393 
1295 1.0 307 
1296 1.0 249 
1297 1.0 197 
1298 1.0 167 
1299 1.0 197 
1300 1.0 141 
1301 1.0 182 
1302 1.0 123 
1303 1.0 93 
1304 1.0 95 
1305 1.0 192 
1306 1.0 237 
1307 1.0 176 
1308 1.0 173 
1309 1.0 196 
1310 1.0 112 
1311 1.0 143 
1312 1.0 131 
1313 1.0 334 
1314 1.0 154 
1315 1.0 111 
1316 1.0 98 
1317 1.0 226 
1318 1.0 312 
1319 1.0 305 
1320 1.0 121 
1321 1.0 73 
1322 1.0 73 
1323 1.0 245 
1324 1.0 146 
1325 1.0 164 
1326 1.0 146 
1327 1.0 403 
1328 1.0 168 
1329 1.0 204 
1330 1.0 230 
1331 1.0 141 
1332 1.0 64 
1333 1.0 78 
1334 1.0 90 
1335 1.0 113 
1336 1.0 94 
1337 1.0 103 
1338 1.0 136 
1339 1.0 97 
1340 1.0 107 
1341 1.0 105 
1342 1.0 110 
1343 1.0 71 
1344 1.0 79 
1345 1.0 110 
1346 1.0 108 
1347 1.0 151 
1348 1.0 153 
1349 1.0 128 
1350 1.0 102 
1351 1.0 116 
1352 1.0 107 
1353 1.0 97 
1354 1.0 134 
1355 1.0 112 
1356 1.0 295 
1357 1.0 300 
1358 1.0 111 
1359 1.0 71 
1360 1.0 66 
1361 1.0 77 
1362 1.0 68 
1363 1.0 72 
1364 1.0 74 
1365 1.0 87 
1366 1.0 50 
1367 1.0 61 
1368 1.0 111 
1369 1.0 64 
1370 1.0 86 
1371 1.0 85 
1372 1.0 76 
1373 1.0 71 
1374 1.0 100 
1375 1.0 92 
1376 1.0 131 
1377 1.0 222 
1378 1.0 96 
1379 1.0 85 
1380 1.0 97 
1381 1.0 192 
1382 1.0 500 
1383 1.0 122 
1384 1.0 126 
1385 1.0 104 
1386 1.0 275 
1387 1.0 93 
1388 1.0 109 
1389 1.0 155 
1390 1.0 205 
1391 1.0 158 
1392 1.0 139 
1393 1.0 500 
1394 1.0 158 
1395 1.0 197 
1396 1.0 131 
1397 1.0 348 
1398 1.0 111 
1399 1.0 167 
1400 1.0 95 
1401 1.0 253 
1402 1.0 130 
1403 1.0 104 
1404 1.0 84 
1405 1.0 500 
1406 1.0 153 
1407 1.0 105 
1408 1.0 101 
1409 1.0 110 
1410 1.0 120 
1411 1.0 132 
1412 1.0 111 
1413 1.0 141 
1414 1.0 181 
1415 1.0 100 
1416 1.0 88 
1417 1.0 83 
1418 1.0 98 
1419 1.0 79 
1420 1.0 104 
1421 1.0 110 
1422 1.0 91 
1423 1.0 103 
1424 1.0 219 
1425 1.0 253 
1426 1.0 137 
1427 1.0 177 
1428 1.0 159 
1429 1.0 216 
1430 1.0 193 
1431 1.0 213 
1432 1.0 207 
1433 1.0 199 
1434 1.0 212 
1435 1.0 196 
1436 1.0 197 
1437 1.0 191 
1438 1.0 202 
1439 1.0 151 
1440 1.0 183 
1441 1.0 177 
1442 1.0 243 
1443 1.0 240 
1444 1.0 187 
1445 1.0 282 
1446 1.0 154 
1447 1.0 162 
1448 1.0 183 
1449 1.0 180 
1450 1.0 152 
1451 1.0 191 
1452 1.0 209 
1453 1.0 385 
1454 1.0 240 
1455 1.0 325 
1456 1.0 211 
1457 1.0 171 
1458 1.0 183 
1459 1.0 170 
1460 1.0 213 
1461 1.0 173 
1462 1.0 162 
1463 1.0 155 
1464 1.0 146 
1465 1.0 275 
1466 1.0 202 
1467 1.0 255 
1468 1.0 160 
1469 1.0 242 
1470 1.0 182 
1471 1.0 199 
1472 1.0 155 
1473 1.0 159 
1474 1.0 164 
1475 1.0 138 
1476 1.0 146 
1477 1.0 127 
1478 1.0 137 
1479 1.0 133 
1480 1.0 130 
1481 1.0 133 
1482 1.0 136 
1483 1.0 143 
1484 1.0 142 
1485 1.0 144 
1486 1.0 129 
1487 1.0 131 
1488 1.0 127 
1489 1.0 130 
1490 1.0 136 
1491 1.0 147 
1492 1.0 144 
1493 1.0 134 
1494 1.0 135 
1495 1.0 136 
1496 1.0 19 
1497 1.0 144 
1498 1.0 131 
1499 1.0 148 
1500 1.0 128 
1501 1.0 156 
1502 1.0 133 
1503 1.0 122 
1504 1.0 21 
1505 1.0 113 
1506 1.0 113 
1507 1.0 136 
1508 1.0 127 
1509 1.0 116 
1510 1.0 126 
1511 1.0 123 
1512 1.0 31 
1513 1.0 17 
1514 1.0 11 
1515 1.0 11 
1516 1.0 11 
1517 1.0 12 
1518 1.0 11 
1519 1.0 11 
1520 1.0 13 
1521 1.0 11 
1522 1.0 11 
1523 1.0 12 
1524 1.0 11 
1525 1.0 10 
1526 1.0 11 
1527 1.0 9 
1528 1.0 10 
1529 1.0 9 
1530 1.0 9 
1531 1.0 9 
1532 1.0 9 
1533 1.0 9 
1534 1.0 10 
1535 1.0 9 
1536 1.0 10 
1537 1.0 9 
1538 1.0 9 
1539 1.0 10 
1540 1.0 8 
1541 1.0 11 
1542 1.0 9 
1543 1.0 9 
1544 1.0 9 
1545 1.0 9 
1546 1.0 9 
1547 1.0 9 
1548 1.0 10 
1549 1.0 9 
1550 1.0 9 
1551 1.0 8 
1552 1.0 8 
1553 1.0 9 
1554 1.0 9 
1555 1.0 11 
1556 1.0 11 
1557 1.0 11 
1558 1.0 12 
1559 1.0 10 
1560 1.0 10 
1561 1.0 12 
1562 1.0 12 
1563 1.0 10 
1564 1.0 9 
1565 1.0 11 
1566 1.0 12 
1567 1.0 11 
1568 1.0 12 
1569 1.0 9 
1570 1.0 10 
1571 1.0 10 
1572 1.0 10 
1573 1.0 11 
1574 1.0 10 
1575 1.0 11 
1576 1.0 9 
1577 1.0 11 
1578 1.0 9 
1579 1.0 9 
1580 1.0 9 
1581 1.0 9 
1582 1.0 9 
1583 1.0 10 
1584 1.0 11 
1585 1.0 9 
1586 1.0 12 
1587 1.0 10 
1588 1.0 11 
1589 1.0 11 
1590 1.0 11 
1591 1.0 12 
1592 1.0 9 
1593 1.0 10 
1594 1.0 12 
1595 1.0 13 
1596 1.0 12 
1597 1.0 11 
1598 1.0 11 
1599 1.0 9 
1600 1.0 11 
1601 1.0 11 
1602 1.0 11 
1603 1.0 9 
1604 1.0 10 
1605 1.0 10 
1606 1.0 10 
1607 1.0 10 
1608 1.0 9 
1609 1.0 12 
1610 1.0 9 
1611 1.0 11 
1612 1.0 9 
1613 1.0 12 
1614 1.0 9 
1615 1.0 8 
1616 1.0 10 
1617 1.0 9 
1618 1.0 9 
1619 1.0 11 
1620 1.0 11 
1621 1.0 9 
1622 1.0 11 
1623 1.0 10 
1624 1.0 11 
1625 1.0 11 
1626 1.0 11 
1627 1.0 11 
1628 1.0 11 
1629 1.0 9 
1630 1.0 11 
1631 1.0 12 
1632 1.0 9 
1633 1.0 9 
1634 1.0 10 
1635 1.0 10 
1636 1.0 9 
1637 1.0 8 
1638 1.0 10 
1639 1.0 11 
1640 1.0 11 
1641 1.0 11 
1642 1.0 11 
1643 1.0 9 
1644 1.0 10 
1645 1.0 11 
1646 1.0 9 
1647 1.0 11 
1648 1.0 10 
1649 1.0 10 
1650 1.0 12 
1651 1.0 12 
1652 1.0 10 
1653 1.0 10 
1654 1.0 12 
1655 1.0 12 
1656 1.0 9 
1657 1.0 12 
1658 1.0 10 
1659 1.0 12 
1660 1.0 12 
1661 1.0 14 
1662 1.0 13 
1663 1.0 12 
1664 1.0 229 
1665 1.0 282 
1666 1.0 422 
1667 1.0 476 
1668 1.0 294 
1669 1.0 336 
1670 1.0 500 
1671 1.0 500 
1672 1.0 500 
1673 1.0 261 
1674 1.0 132 
1675 1.0 107 
1676 1.0 109 
1677 1.0 131 
1678 1.0 176 
1679 1.0 137 
1680 1.0 116 
1681 1.0 109 
1682 1.0 35 
1683 1.0 100 
1684 1.0 39 
1685 1.0 117 
1686 1.0 104 
1687 1.0 108 
1688 1.0 128 
1689 1.0 102 
1690 1.0 122 
1691 1.0 126 
1692 1.0 103 
1693 1.0 99 
1694 1.0 95 
1695 1.0 13 
1696 1.0 13 
1697 1.0 13 
1698 1.0 13 
1699 1.0 14 
1700 1.0 11 
1701 1.0 14 
1702 1.0 12 
1703 1.0 12 
1704 1.0 11 
1705 1.0 11 
1706 1.0 10 
1707 1.0 11 
1708 1.0 9 
1709 1.0 9 
1710 1.0 10 
1711 1.0 9 
1712 1.0 10 
1713 1.0 12 
1714 1.0 12 
1715 1.0 15 
1716 1.0 13 
1717 1.0 14 
1718 1.0 11 
1719 1.0 12 
1720 1.0 11 
1721 1.0 11 
1722 1.0 10 
1723 1.0 11 
1724 1.0 11 
1725 1.0 12 
1726 1.0 11 
1727 1.0 12 
1728 1.0 9 
1729 1.0 13 
1730 1.0 12 
1731 1.0 10 
1732 1.0 9 
1733 1.0 12 
1734 1.0 11 
1735 1.0 11 
1736 1.0 11 
1737 1.0 10 
1738 1.0 9 
1739 1.0 9 
1740 1.0 10 
1741 1.0 11 
1742 1.0 12 
1743 1.0 12 
1744 1.0 12 
1745 1.0 12 
1746 1.0 9 
1747 1.0 13 
1748 1.0 10 
1749 1.0 12 
1750 1.0 11 
1751 1.0 12 
1752 1.0 10 
1753 1.0 13 
1754 1.0 11 
1755 1.0 11 
1756 1.0 12 
1757 1.0 11 
1758 1.0 10 
1759 1.0 11 
1760 1.0 14 
1761 1.0 11 
1762 1.0 10 
1763 1.0 10 
1764 1.0 10 
1765 1.0 12 
1766 1.0 13 
1767 1.0 10 
1768 1.0 12 
1769 1.0 11 
1770 1.0 10 
1771 1.0 10 
1772 1.0 11 
1773 1.0 11 
1774 1.0 10 
1775 1.0 13 
1776 1.0 12 
1777 1.0 13 
1778 1.0 14 
1779 1.0 11 
1780 1.0 11 
1781 1.0 11 
1782 1.0 12 
1783 1.0 12 
1784 1.0 12 
1785 1.0 11 
1786 1.0 12 
1787 1.0 10 
1788 1.0 11 
1789 1.0 11 
1790 1.0 9 
1791 1.0 13 
1792 1.0 11 
1793 1.0 11 
1794 1.0 10 
1795 1.0 10 
1796 1.0 10 
1797 1.0 12 
1798 1.0 13 
1799 1.0 12 
1800 1.0 13 
1801 1.0 10 
1802 1.0 11 
1803 1.0 10 
1804 1.0 10 
1805 1.0 10 
1806 1.0 11 
1807 1.0 11 
1808 1.0 9 
1809 1.0 11 
1810 1.0 9 
1811 1.0 9 
1812 1.0 10 
1813 1.0 12 
1814 1.0 12 
1815 1.0 14 
1816 1.0 14 
1817 1.0 14 
1818 1.0 13 
1819 1.0 11 
1820 1.0 18 
1821 1.0 16 
1822 1.0 15 
1823 1.0 17 
1824 1.0 18 
1825 1.0 14 
1826 1.0 16 
1827 1.0 14 
1828 1.0 18 
1829 1.0 15 
1830 1.0 15 
1831 1.0 13 
1832 1.0 11 
1833 1.0 13 
1834 1.0 12 
1835 1.0 13 
1836 1.0 12 
1837 1.0 13 
1838 1.0 12 
1839 1.0 14 
1840 1.0 14 
1841 1.0 12 
1842 1.0 14 
1843 1.0 14 
1844 1.0 14 
1845 1.0 13 
1846 1.0 15 
1847 1.0 12 
1848 1.0 12 
1849 1.0 14 
1850 1.0 13 
1851 1.0 13 
1852 1.0 13 
1853 1.0 10 
1854 1.0 10 
1855 1.0 10 
1856 1.0 13 
1857 1.0 14 
1858 1.0 14 
1859 1.0 11 
1860 1.0 12 
1861 1.0 10 
1862 1.0 12 
1863 1.0 13 
1864 1.0 13 
1865 1.0 13 
1866 1.0 12 
1867 1.0 12 
1868 1.0 12 
1869 1.0 10 
1870 1.0 11 
1871 1.0 14 
1872 1.0 13 
1873 1.0 15 
1874 1.0 12 
1875 1.0 12 
1876 1.0 11 
1877 1.0 13 
1878 1.0 13 
1879 1.0 11 
1880 1.0 11 
1881 1.0 13 
1882 1.0 11 
1883 1.0 12 
1884 1.0 12 
1885 1.0 15 
1886 1.0 12 
1887 1.0 13 
1888 1.0 14 
1889 1.0 13 
1890 1.0 15 
1891 1.0 10 
1892 1.0 17 
1893 1.0 191 
1894 1.0 119 
1895 1.0 26 
1896 1.0 180 
1897 1.0 105 
1898 1.0 111 
1899 1.0 236 
1900 1.0 185 
1901 1.0 500 
1902 1.0 26 
1903 1.0 19 
1904 1.0 19 
1905 1.0 20 
1906 1.0 20 
1907 1.0 14 
1908 1.0 20 
1909 1.0 23 
1910 1.0 120 
1911 1.0 127 
1912 1.0 277 
1913 1.0 500 
1914 1.0 141 
1915 1.0 116 
1916 1.0 168 
1917 1.0 197 
1918 1.0 500 
1919 1.0 382 
1920 1.0 485 
1921 1.0 500 
1922 1.0 139 
1923 1.0 121 
1924 1.0 121 
1925 1.0 126 
1926 1.0 120 
1927 1.0 133 
1928 1.0 134 
1929 1.0 179 
1930 1.0 175 
1931 1.0 236 
1932 1.0 229 
1933 1.0 167 
1934 1.0 139 
1935 1.0 78 
1936 1.0 190 
1937 1.0 500 
1938 1.0 407 
1939 1.0 455 
1940 1.0 500 
1941 1.0 500 
1942 1.0 500 
1943 1.0 150 
1944 1.0 465 
1945 1.0 186 
1946 1.0 175 
1947 1.0 350 
1948 1.0 204 
1949 1.0 137 
1950 1.0 213 
1951 1.0 194 
1952 1.0 154 
1953 1.0 167 
1954 1.0 151 
1955 1.0 122 
1956 1.0 146 
1957 1.0 157 
1958 1.0 147 
1959 1.0 211 
1960 1.0 188 
1961 1.0 224 
1962 1.0 287 
1963 1.0 271 
1964 1.0 322 
1965 1.0 259 
1966 1.0 148 
1967 1.0 130 
1968 1.0 135 
1969 1.0 129 
1970 1.0 236 
1971 1.0 237 
1972 1.0 354 
1973 1.0 500 
1974 1.0 260 
1975 1.0 174 
1976 1.0 136 
1977 1.0 154 
1978 1.0 187 
1979 1.0 365 
1980 1.0 285 
1981 1.0 337 
1982 1.0 500 
1983 1.0 211 
1984 1.0 129 
1985 1.0 144 
1986 1.0 136 
1987 1.0 191 
1988 1.0 231 
1989 1.0 216 
1990 1.0 151 
1991 1.0 190 
1992 1.0 146 
1993 1.0 152 
1994 1.0 179 
1995 1.0 127 
1996 1.0 168 
1997 1.0 177 
1998 1.0 153 
1999 1.0 115 
2000 1.0 133 
2001 1.0 147 
2002 1.0 124 
2003 1.0 161 
2004 1.0 135 
2005 1.0 118 
2006 1.0 120 
2007 1.0 119 
2008 1.0 143 
2009 1.0 164 
2010 1.0 130 
2011 1.0 150 
2012 1.0 123 
2013 1.0 118 
2014 1.0 113 
2015 1.0 117 
2016 1.0 133 
2017 1.0 148 
2018 1.0 153 
2019 1.0 114 
2020 1.0 210 
2021 1.0 114 
2022 1.0 237 
2023 1.0 109 
2024 1.0 100 
2025 1.0 129 
2026 1.0 175 
2027 1.0 323 
2028 1.0 92 
2029 1.0 132 
2030 1.0 89 
2031 1.0 86 
2032 1.0 112 
2033 1.0 134 
2034 1.0 88 
2035 1.0 107 
2036 1.0 103 
2037 1.0 106 
2038 1.0 74 
2039 1.0 81 
2040 1.0 88 
2041 1.0 93 
2042 1.0 112 
2043 1.0 46 
2044 1.0 47 
2045 1.0 79 
2046 1.0 88 
2047 1.0 108 
2048 1.0 41 
2049 1.0 105 
2050 1.0 128 
2051 1.0 98 
2052 1.0 120 
2053 1.0 87 
2054 1.0 28 
2055 1.0 30 
2056 1.0 46 
2057 1.0 30 
2058 1.0 40 
2059 1.0 43 
2060 1.0 99 
2061 1.0 101 
2062 1.0 131 
2063 1.0 120 
2064 1.0 110 
2065 1.0 146 
2066 1.0 102 
2067 1.0 132 
2068 1.0 117 
2069 1.0 110 
2070 1.0 112 
2071 1.0 116 
2072 1.0 122 
2073 1.0 115 
2074 1.0 88 
2075 1.0 70 
2076 1.0 93 
2077 1.0 88 
2078 1.0 83 
2079 1.0 98 
2080 1.0 50 
2081 1.0 58 
2082 1.0 84 
2083 1.0 126 
2084 1.0 106 
2085 1.0 101 
2086 1.0 107 
2087 1.0 84 
2088 1.0 118 
2089 1.0 127 
2090 1.0 130 
2091 1.0 130 
2092 1.0 188 
2093 1.0 156 
2094 1.0 127 
2095 1.0 81 
2096 1.0 85 
2097 1.0 90 
2098 1.0 91 
2099 1.0 96 
2100 1.0 110 
2101 1.0 84 
2102 1.0 52 
2103 1.0 66 
2104 1.0 44 
2105 1.0 48 
2106 1.0 112 
2107 1.0 85 
2108 1.0 106 
2109 1.0 119 
2110 1.0 139 
2111 1.0 136 
2112 1.0 82 
2113 1.0 65 
2114 1.0 500 
2115 1.0 71 
2116 1.0 86 
2117 1.0 52 
2118 1.0 35 
2119 1.0 32 
2120 1.0 44 
2121 1.0 42 
2122 1.0 45 
2123 1.0 55 
2124 1.0 38 
2125 1.0 49 
2126 1.0 50 
2127 1.0 71 
2128 1.0 64 
2129 1.0 71 
2130 1.0 81 
2131 1.0 33 
2132 1.0 32 
2133 1.0 41 
2134 1.0 63 
2135 1.0 69 
2136 1.0 43 
2137 1.0 37 
2138 1.0 54 
2139 1.0 85 
2140 1.0 56 
2141 1.0 45 
2142 1.0 69 
2143 1.0 51 
2144 1.0 35 
2145 1.0 51 
2146 1.0 68 
2147 1.0 54 
2148 1.0 36 
2149 1.0 34 
2150 1.0 38 
2151 1.0 57 
2152 1.0 55 
2153 1.0 47 
2154 1.0 55 
2155 1.0 42 
2156 1.0 27 
2157 1.0 34 
2158 1.0 44 
2159 1.0 38 
2160 1.0 19 
2161 1.0 16 
2162 1.0 14 
2163 1.0 14 
2164 1.0 11 
2165 1.0 11 
2166 1.0 14 
2167 1.0 13 
2168 1.0 12 
2169 1.0 12 
2170 1.0 13 
2171 1.0 11 
2172 1.0 14 
2173 1.0 12 
2174 1.0 13 
2175 1.0 11 
2176 1.0 13 
2177 1.0 12 
2178 1.0 14 
2179 1.0 10 
2180 1.0 13 
2181 1.0 12 
2182 1.0 13 
2183 1.0 13 
2184 1.0 14 
2185 1.0 15 
2186 1.0 12 
2187 1.0 13 
2188 1.0 12 
2189 1.0 12 
2190 1.0 14 
2191 1.0 14 
2192 1.0 13 
2193 1.0 14 
2194 1.0 13 
2195 1.0 13 
2196 1.0 13 
2197 1.0 13 
2198 1.0 13 
2199 1.0 12 
2200 1.0 12 
2201 1.0 14 
2202 1.0 14 
2203 1.0 14 
2204 1.0 14 
2205 1.0 15 
2206 1.0 13 
2207 1.0 13 
2208 1.0 13 
2209 1.0 14 
2210 1.0 18 
2211 1.0 14 
2212 1.0 14 
2213 1.0 18 
2214 1.0 14 
2215 1.0 17 
2216 1.0 22 
2217 1.0 16 
2218 1.0 14 
2219 1.0 15 
2220 1.0 13 
2221 1.0 16 
2222 1.0 16 
2223 1.0 12 
2224 1.0 32 
2225 1.0 30 
2226 1.0 35 
2227 1.0 42 
2228 1.0 30 
2229 1.0 28 
2230 1.0 31 
2231 1.0 22 
2232 1.0 24 
2233 1.0 28 
2234 1.0 29 
2235 1.0 38 
2236 1.0 28 
2237 1.0 41 
2238 1.0 40 
2239 1.0 31 
2240 1.0 30 
2241 1.0 37 
2242 1.0 21 
2243 1.0 23 
2244 1.0 20 
2245 1.0 19 
2246 1.0 22 
2247 1.0 31 
2248 1.0 22 
2249 1.0 21 
2250 1.0 18 
2251 1.0 24 
2252 1.0 17 
2253 1.0 18 
2254 1.0 25 
2255 1.0 21 
2256 1.0 23 
2257 1.0 21 
2258 1.0 22 
2259 1.0 27 
2260 1.0 26 
2261 1.0 39 
2262 1.0 31 
2263 1.0 26 
2264 1.0 27 
2265 1.0 37 
2266 1.0 27 
2267 1.0 34 
2268 1.0 57 
2269 1.0 104 
2270 1.0 103 
2271 1.0 73 
2272 1.0 105 
2273 1.0 86 
2274 1.0 76 
2275 1.0 119 
2276 1.0 46 
2277 1.0 69 
2278 1.0 43 
2279 1.0 51 
2280 1.0 63 
2281 1.0 57 
2282 1.0 101 
2283 1.0 41 
2284 1.0 37 
2285 1.0 36 
2286 1.0 104 
2287 1.0 66 
2288 1.0 93 
2289 1.0 61 
2290 1.0 90 
2291 1.0 103 
2292 1.0 81 
2293 1.0 94 
2294 1.0 127 
2295 1.0 110 
2296 1.0 72 
2297 1.0 62 
2298 1.0 69 
2299 1.0 79 
2300 1.0 92 
2301 1.0 155 
2302 1.0 214 
2303 1.0 127 
2304 1.0 500 
2305 1.0 110 
2306 1.0 128 
2307 1.0 131 
2308 1.0 137 
2309 1.0 95 
2310 1.0 87 
2311 1.0 30 
2312 1.0 99 
2313 1.0 117 
2314 1.0 112 
2315 1.0 22 
2316 1.0 25 
2317 1.0 40 
2318 1.0 40 
2319 1.0 106 
2320 1.0 101 
2321 1.0 109 
2322 1.0 128 
2323 1.0 129 
2324 1.0 113 
2325 1.0 147 
2326 1.0 222 
2327 1.0 180 
2328 1.0 500 
2329 1.0 223 
2330 1.0 169 
2331 1.0 170 
2332 1.0 133 
2333 1.0 111 
2334 1.0 104 
2335 1.0 111 
2336 1.0 108 
2337 1.0 93 
2338 1.0 100 
2339 1.0 108 
2340 1.0 105 
2341 1.0 143 
2342 1.0 127 
2343 1.0 242 
2344 1.0 122 
2345 1.0 119 
2346 1.0 150 
2347 1.0 183 
2348 1.0 176 
2349 1.0 231 
2350 1.0 141 
2351 1.0 91 
2352 1.0 96 
2353 1.0 110 
2354 1.0 144 
2355 1.0 102 
2356 1.0 124 
2357 1.0 131 
2358 1.0 123 
2359 1.0 137 
2360 1.0 122 
2361 1.0 161 
2362 1.0 167 
2363 1.0 132 
2364 1.0 129 
2365 1.0 153 
2366 1.0 129 
2367 1.0 134 
2368 1.0 106 
2369 1.0 116 
2370 1.0 105 
2371 1.0 115 
2372 1.0 99 
2373 1.0 106 
2374 1.0 85 
2375 1.0 111 
2376 1.0 99 
2377 1.0 97 
2378 1.0 104 
2379 1.0 126 
2380 1.0 105 
2381 1.0 119 
2382 1.0 114 
2383 1.0 103 
2384 1.0 95 
2385 1.0 105 
2386 1.0 112 
2387 1.0 112 
2388 1.0 113 
2389 1.0 130 
2390 1.0 125 
2391 1.0 115 
2392 1.0 116 
2393 1.0 105 
2394 1.0 25 
2395 1.0 111 
2396 1.0 111 
2397 1.0 106 
2398 1.0 125 
2399 1.0 123 
2400 1.0 108 
2401 1.0 137 
2402 1.0 123 
2403 1.0 102 
2404 1.0 132 
2405 1.0 100 
2406 1.0 92 
2407 1.0 101 
2408 1.0 110 
2409 1.0 113 
2410 1.0 104 
2411 1.0 99 
2412 1.0 95 
2413 1.0 103 
2414 1.0 103 
2415 1.0 102 
2416 1.0 100 
2417 1.0 123 
2418 1.0 118 
2419 1.0 132 
2420 1.0 136 
2421 1.0 156 
2422 1.0 125 
2423 1.0 147 
2424 1.0 144 
2425 1.0 164 
2426 1.0 181 
2427 1.0 151 
2428 1.0 176 
2429 1.0 140 
2430 1.0 166 
2431 1.0 124 
2432 1.0 151 
2433 1.0 117 
2434 1.0 129 
2435 1.0 121 
2436 1.0 119 
2437 1.0 126 
2438 1.0 133 
2439 1.0 113 
2440 1.0 122 
2441 1.0 125 
2442 1.0 134 
2443 1.0 120 
2444 1.0 123 
2445 1.0 116 
2446 1.0 124 
2447 1.0 108 
2448 1.0 110 
2449 1.0 99 
2450 1.0 105 
2451 1.0 112 
2452 1.0 102 
2453 1.0 115 
2454 1.0 109 
2455 1.0 96 
2456 1.0 112 
2457 1.0 109 
2458 1.0 108 
2459 1.0 104 
2460 1.0 108 
2461 1.0 120 
2462 1.0 106 
2463 1.0 116 
2464 1.0 118 
2465 1.0 137 
2466 1.0 124 
2467 1.0 123 
2468 1.0 116 
2469 1.0 131 
2470 1.0 111 
2471 1.0 106 
2472 1.0 96 
2473 1.0 105 
2474 1.0 97 
2475 1.0 101 
2476 1.0 107 
2477 1.0 98 
2478 1.0 100 
2479 1.0 104 
2480 1.0 99 
2481 1.0 106 
2482 1.0 97 
2483 1.0 94 
2484 1.0 34 
2485 1.0 99 
2486 1.0 95 
2487 1.0 99 
2488 1.0 100 
2489 1.0 95 
2490 1.0 106 
2491 1.0 120 
2492 1.0 28 
2493 1.0 25 
2494 1.0 22 
2495 1.0 95 
2496 1.0 24 
2497 1.0 35 
2498 1.0 103 
2499 1.0 40 
2500 1.0 38 
2501 1.0 95 
2502 1.0 96 
2503 1.0 25 
2504 1.0 19 
2505 1.0 22 
2506 1.0 21 
2507 1.0 27 
2508 1.0 25 
2509 1.0 29 
2510 1.0 29 
2511 1.0 100 
2512 1.0 60 
2513 1.0 94 
2514 1.0 35 
2515 1.0 22 
2516 1.0 26 
2517 1.0 24 
2518 1.0 60 
2519 1.0 60 
2520 1.0 103 
2521 1.0 41 
2522 1.0 102 
2523 1.0 40 
2524 1.0 36 
2525 1.0 89 
2526 1.0 43 
2527 1.0 46 
2528 1.0 106 
2529 1.0 104 
2530 1.0 115 
2531 1.0 110 
2532 1.0 199 
2533 1.0 104 
2534 1.0 98 
2535 1.0 29 
2536 1.0 17 
2537 1.0 19 
2538 1.0 19 
2539 1.0 19 
2540 1.0 22 
2541 1.0 24 
2542 1.0 29 
2543 1.0 26 
2544 1.0 33 
2545 1.0 31 
2546 1.0 107 
2547 1.0 31 
2548 1.0 23 
2549 1.0 18 
2550 1.0 14 
2551 1.0 11 
2552 1.0 11 
2553 1.0 11 
2554 1.0 12 
2555 1.0 10 
2556 1.0 12 
2557 1.0 11 
2558 1.0 11 
2559 1.0 10 
2560 1.0 11 
2561 1.0 13 
2562 1.0 13 
2563 1.0 10 
2564 1.0 12 
2565 1.0 15 
2566 1.0 11 
2567 1.0 13 
2568 1.0 11 
2569 1.0 12 
2570 1.0 14 
2571 1.0 16 
2572 1.0 15 
2573 1.0 17 
2574 1.0 14 
2575 1.0 14 
2576 1.0 14 
2577 1.0 11 
2578 1.0 12 
2579 1.0 14 
2580 1.0 12 
2581 1.0 12 
2582 1.0 13 
2583 1.0 15 
2584 1.0 12 
2585 1.0 15 
2586 1.0 15 
2587 1.0 14 
2588 1.0 14 
2589 1.0 12 
2590 1.0 13 
2591 1.0 13 
2592 1.0 15 
2593 1.0 16 
2594 1.0 11 
2595 1.0 14 
2596 1.0 16 
2597 1.0 12 
2598 1.0 12 
2599 1.0 14 
2600 1.0 13 
2601 1.0 13 
2602 1.0 15 
2603 1.0 13 
2604 1.0 12 
2605 1.0 12 
2606 1.0 14 
2607 1.0 11 
2608 1.0 10 
2609 1.0 10 
2610 1.0 12 
2611 1.0 11 
2612 1.0 11 
2613 1.0 11 
2614 1.0 11 
2615 1.0 10 
2616 1.0 11 
2617 1.0 12 
2618 1.0 10 
2619 1.0 9 
2620 1.0 10 
2621 1.0 10 
2622 1.0 9 
2623 1.0 10 
2624 1.0 12 
2625 1.0 9 
2626 1.0 9 
2627 1.0 12 
2628 1.0 11 
2629 1.0 12 
2630 1.0 10 
2631 1.0 13 
2632 1.0 10 
2633 1.0 9 
2634 1.0 12 
2635 1.0 12 
2636 1.0 9 
2637 1.0 10 
2638 1.0 11 
2639 1.0 11 
2640 1.0 11 
2641 1.0 10 
2642 1.0 11 
2643 1.0 10 
2644 1.0 10 
2645 1.0 11 
2646 1.0 12 
2647 1.0 9 
2648 1.0 12 
2649 1.0 13 
2650 1.0 12 
2651 1.0 11 
2652 1.0 13 
2653 1.0 12 
2654 1.0 12 
2655 1.0 12 
2656 1.0 9 
2657 1.0 12 
2658 1.0 12 
2659 1.0 10 
2660 1.0 13 
2661 1.0 11 
2662 1.0 12 
2663 1.0 12 
2664 1.0 14 
2665 1.0 12 
2666 1.0 15 
2667 1.0 14 
2668 1.0 14 
2669 1.0 12 
2670 1.0 18 
2671 1.0 13 
2672 1.0 16 
2673 1.0 16 
2674 1.0 17 
2675 1.0 14 
2676 1.0 15 
2677 1.0 16 
2678 1.0 17 
2679 1.0 15 
2680 1.0 21 
2681 1.0 31 
2682 1.0 37 
2683 1.0 33 
2684 1.0 43 
2685 1.0 102 
2686 1.0 37 
2687 1.0 54 
2688 1.0 44 
2689 1.0 65 
2690 1.0 134 
2691 1.0 110 
2692 1.0 184 
2693 1.0 121 
2694 1.0 108 
2695 1.0 131 
2696 1.0 119 
2697 1.0 137 
2698 1.0 116 
2699 1.0 105 
2700 1.0 100 
2701 1.0 41 
2702 1.0 29 
2703 1.0 24 
2704 1.0 28 
2705 1.0 14 
2706 1.0 12 
2707 1.0 18 
2708 1.0 15 
2709 1.0 19 
2710 1.0 22 
2711 1.0 19 
2712 1.0 21 
2713 1.0 19 
2714 1.0 15 
2715 1.0 21 
2716 1.0 17 
2717 1.0 19 
2718 1.0 19 
2719 1.0 19 
2720 1.0 17 
2721 1.0 16 
2722 1.0 14 
2723 1.0 19 
2724 1.0 20 
2725 1.0 17 
2726 1.0 18 
2727 1.0 22 
2728 1.0 23 
2729 1.0 33 
2730 1.0 26 
2731 1.0 30 
2732 1.0 20 
2733 1.0 23 
2734 1.0 35 
2735 1.0 27 
2736 1.0 41 
2737 1.0 36 
2738 1.0 40 
2739 1.0 53 
2740 1.0 60 
2741 1.0 120 
2742 1.0 55 
2743 1.0 60 
2744 1.0 57 
2745 1.0 28 
2746 1.0 27 
2747 1.0 26 
2748 1.0 29 
2749 1.0 31 
2750 1.0 29 
2751 1.0 36 
2752 1.0 36 
2753 1.0 34 
2754 1.0 55 
2755 1.0 87 
2756 1.0 70 
2757 1.0 68 
2758 1.0 493 
2759 1.0 60 
2760 1.0 111 
2761 1.0 57 
2762 1.0 55 
2763 1.0 64 
2764 1.0 44 
2765 1.0 42 
2766 1.0 35 
2767 1.0 29 
2768 1.0 32 
2769 1.0 29 
2770 1.0 30 
2771 1.0 41 
2772 1.0 43 
2773 1.0 58 
2774 1.0 68 
2775 1.0 79 
2776 1.0 105 
2777 1.0 137 
2778 1.0 167 
2779 1.0 143 
2780 1.0 115 
2781 1.0 77 
2782 1.0 76 
2783 1.0 65 
2784 1.0 79 
2785 1.0 123 
2786 1.0 115 
2787 1.0 118 
2788 1.0 62 
2789 1.0 95 
2790 1.0 100 
2791 1.0 99 
2792 1.0 120 
2793 1.0 118 
2794 1.0 136 
2795 1.0 122 
2796 1.0 122 
2797 1.0 120 
2798 1.0 182 
2799 1.0 125 
2800 1.0 106 
2801 1.0 100 
2802 1.0 104 
2803 1.0 99 
2804 1.0 97 
2805 1.0 109 
2806 1.0 108 
2807 1.0 107 
2808 1.0 107 
2809 1.0 103 
2810 1.0 94 
2811 1.0 28 
2812 1.0 30 
2813 1.0 34 
2814 1.0 30 
2815 1.0 34 
2816 1.0 28 
2817 1.0 39 
2818 1.0 54 
2819 1.0 95 
2820 1.0 127 
2821 1.0 149 
2822 1.0 88 
2823 1.0 102 
2824 1.0 116 
2825 1.0 76 
2826 1.0 90 
2827 1.0 110 
2828 1.0 126 
2829 1.0 80 
2830 1.0 123 
2831 1.0 128 
2832 1.0 125 
2833 1.0 113 
2834 1.0 108 
2835 1.0 111 
2836 1.0 101 
2837 1.0 119 
2838 1.0 105 
2839 1.0 133 
2840 1.0 118 
2841 1.0 98 
2842 1.0 113 
2843 1.0 115 
2844 1.0 106 
2845 1.0 104 
2846 1.0 104 
2847 1.0 112 
2848 1.0 110 
2849 1.0 99 
2850 1.0 113 
2851 1.0 107 
2852 1.0 102 
2853 1.0 107 
2854 1.0 105 
2855 1.0 102 
2856 1.0 100 
2857 1.0 99 
2858 1.0 112 
2859 1.0 115 
2860 1.0 109 
2861 1.0 114 
2862 1.0 124 
2863 1.0 134 
2864 1.0 117 
2865 1.0 129 
2866 1.0 130 
2867 1.0 124 
2868 1.0 154 
2869 1.0 132 
2870 1.0 142 
2871 1.0 166 
2872 1.0 161 
2873 1.0 152 
2874 1.0 132 
2875 1.0 122 
2876 1.0 116 
2877 1.0 110 
2878 1.0 115 
2879 1.0 103 
2880 1.0 98 
2881 1.0 117 
2882 1.0 105 
2883 1.0 81 
2884 1.0 100 
2885 1.0 88 
2886 1.0 80 
2887 1.0 111 
2888 1.0 123 
2889 1.0 98 
2890 1.0 48 
2891 1.0 25 
2892 1.0 28 
2893 1.0 25 
2894 1.0 32 
2895 1.0 23 
2896 1.0 33 
2897 1.0 32 
2898 1.0 47 
2899 1.0 43 
2900 1.0 55 
2901 1.0 54 
2902 1.0 53 
2903 1.0 69 
2904 1.0 61 
2905 1.0 51 
2906 1.0 35 
2907 1.0 44 
2908 1.0 53 
2909 1.0 76 
2910 1.0 54 
2911 1.0 68 
2912 1.0 55 
2913 1.0 47 
2914 1.0 65 
2915 1.0 54 
2916 1.0 63 
2917 1.0 20 
2918 1.0 28 
2919 1.0 30 
2920 1.0 30 
2921 1.0 53 
2922 1.0 67 
2923 1.0 71 
2924 1.0 74 
2925 1.0 73 
2926 1.0 80 
2927 1.0 87 
2928 1.0 76 
2929 1.0 112 
2930 1.0 103 
2931 1.0 64 
2932 1.0 71 
2933 1.0 56 
2934 1.0 27 
2935 1.0 36 
2936 1.0 34 
2937 1.0 57 
2938 1.0 47 
2939 1.0 45 
2940 1.0 57 
2941 1.0 106 
2942 1.0 114 
2943 1.0 117 
2944 1.0 103 
2945 1.0 97 
2946 1.0 69 
2947 1.0 31 
2948 1.0 41 
2949 1.0 58 
2950 1.0 101 
2951 1.0 74 
2952 1.0 101 
2953 1.0 90 
2954 1.0 95 
2955 1.0 98 
2956 1.0 103 
2957 1.0 100 
2958 1.0 104 
2959 1.0 110 
2960 1.0 115 
2961 1.0 121 
2962 1.0 128 
2963 1.0 118 
2964 1.0 113 
2965 1.0 105 
2966 1.0 75 
2967 1.0 103 
2968 1.0 79 
2969 1.0 86 
2970 1.0 104 
2971 1.0 126 
2972 1.0 128 
2973 1.0 125 
2974 1.0 114 
2975 1.0 102 
2976 1.0 104 
2977 1.0 104 
2978 1.0 108 
2979 1.0 91 
2980 1.0 108 
2981 1.0 133 
2982 1.0 97 
2983 1.0 99 
2984 1.0 91 
2985 1.0 35 
2986 1.0 59 
2987 1.0 55 
2988 1.0 69 
2989 1.0 76 
2990 1.0 88 
2991 1.0 91 
2992 1.0 103 
2993 1.0 94 
2994 1.0 96 
2995 1.0 85 
2996 1.0 108 
2997 1.0 101 
2998 1.0 96 
2999 1.0 102 
3000 1.0 94 
3001 1.0 85 
3002 1.0 110 
3003 1.0 80 
3004 1.0 81 
3005 1.0 77 
3006 1.0 77 
3007 1.0 106 
3008 1.0 102 
3009 1.0 92 
3010 1.0 36 
3011 1.0 28 
3012 1.0 28 
3013 1.0 31 
3014 1.0 23 
3015 1.0 17 
3016 1.0 28 
3017 1.0 25 
3018 1.0 32 
3019 1.0 27 
3020 1.0 47 
3021 1.0 36 
3022 1.0 35 
3023 1.0 93 
3024 1.0 61 
3025 1.0 94 
3026 1.0 95 
3027 1.0 67 
3028 1.0 75 
3029 1.0 90 
3030 1.0 98 
3031 1.0 76 
3032 1.0 118 
3033 1.0 87 
3034 1.0 18 
3035 1.0 22 
3036 1.0 32 
3037 1.0 47 
3038 1.0 57 
3039 1.0 71 
3040 1.0 101 
3041 1.0 105 
3042 1.0 88 
3043 1.0 70 
3044 1.0 72 
3045 1.0 96 
3046 1.0 107 
3047 1.0 101 
3048 1.0 126 
3049 1.0 110 
3050 1.0 110 
3051 1.0 123 
3052 1.0 98 
3053 1.0 96 
3054 1.0 94 
3055 1.0 104 
3056 1.0 108 
3057 1.0 105 
3058 1.0 101 
3059 1.0 111 
3060 1.0 118 
3061 1.0 104 
3062 1.0 112 
3063 1.0 109 
3064 1.0 112 
3065 1.0 104 
3066 1.0 113 
3067 1.0 124 
3068 1.0 118 
3069 1.0 124 
3070 1.0 104 
3071 1.0 116 
3072 1.0 127 
3073 1.0 135 
3074 1.0 112 
3075 1.0 122 
3076 1.0 130 
3077 1.0 116 
3078 1.0 102 
3079 1.0 112 
3080 1.0 108 
3081 1.0 111 
3082 1.0 95 
3083 1.0 100 
3084 1.0 101 
3085 1.0 98 
3086 1.0 104 
3087 1.0 105 
3088 1.0 100 
3089 1.0 103 
3090 1.0 96 
3091 1.0 93 
3092 1.0 103 
3093 1.0 102 
3094 1.0 107 
3095 1.0 92 
3096 1.0 97 
3097 1.0 99 
3098 1.0 95 
3099 1.0 106 
3100 1.0 104 
3101 1.0 110 
3102 1.0 105 
3103 1.0 101 
3104 1.0 103 
3105 1.0 109 
3106 1.0 112 
3107 1.0 110 
3108 1.0 121 
3109 1.0 107 
3110 1.0 108 
3111 1.0 113 
3112 1.0 106 
3113 1.0 103 
3114 1.0 111 
3115 1.0 112 
3116 1.0 108 
3117 1.0 102 
3118 1.0 98 
3119 1.0 94 
3120 1.0 94 
3121 1.0 98 
3122 1.0 102 
3123 1.0 96 
3124 1.0 95 
3125 1.0 102 
3126 1.0 101 
3127 1.0 98 
3128 1.0 86 
3129 1.0 95 
3130 1.0 93 
3131 1.0 100 
3132 1.0 97 
3133 1.0 99 
3134 1.0 23 
3135 1.0 93 
3136 1.0 94 
3137 1.0 22 
3138 1.0 13 
3139 1.0 14 
3140 1.0 9 
3141 1.0 11 
3142 1.0 11 
3143 1.0 11 
3144 1.0 10 
3145 1.0 10 
3146 1.0 12 
3147 1.0 11 
3148 1.0 12 
3149 1.0 12 
3150 1.0 13 
3151 1.0 12 
3152 1.0 15 
3153 1.0 11 
3154 1.0 12 
3155 1.0 15 
3156 1.0 14 
3157 1.0 17 
3158 1.0 11 
3159 1.0 20 
3160 1.0 97 
3161 1.0 13 
3162 1.0 88 
3163 1.0 91 
3164 1.0 95 
3165 1.0 107 
3166 1.0 110 
3167 1.0 90 
3168 1.0 101 
3169 1.0 103 
3170 1.0 99 
3171 1.0 91 
3172 1.0 98 
3173 1.0 92 
3174 1.0 90 
3175 1.0 92 
3176 1.0 87 
3177 1.0 94 
3178 1.0 119 
3179 1.0 96 
3180 1.0 114 
3181 1.0 107 
3182 1.0 91 
3183 1.0 117 
3184 1.0 89 
3185 1.0 92 
3186 1.0 113 
3187 1.0 107 
3188 1.0 105 
3189 1.0 105 
3190 1.0 102 
3191 1.0 102 
3192 1.0 111 
3193 1.0 108 
3194 1.0 115 
3195 1.0 106 
3196 1.0 103 
3197 1.0 108 
3198 1.0 91 
3199 1.0 17 
3200 1.0 12 
3201 1.0 18 
3202 1.0 92 
3203 1.0 87 
3204 1.0 91 
3205 1.0 99 
3206 1.0 89 
3207 1.0 94 
3208 1.0 98 
3209 1.0 127 
3210 1.0 129 
3211 1.0 130 
3212 1.0 111 
3213 1.0 119 
3214 1.0 110 
3215 1.0 108 
3216 1.0 124 
3217 1.0 116 
3218 1.0 110 
3219 1.0 97 
3220 1.0 101 
3221 1.0 98 
3222 1.0 95 
3223 1.0 92 
3224 1.0 96 
3225 1.0 98 
3226 1.0 99 
3227 1.0 109 
3228 1.0 99 
3229 1.0 96 
3230 1.0 104 
3231 1.0 102 
3232 1.0 105 
3233 1.0 107 
3234 1.0 97 
3235 1.0 110 
3236 1.0 115 
3237 1.0 123 
3238 1.0 110 
3239 1.0 113 
3240 1.0 109 
3241 1.0 102 
3242 1.0 93 
3243 1.0 94 
3244 1.0 96 
3245 1.0 97 
3246 1.0 94 
3247 1.0 104 
3248 1.0 86 
3249 1.0 87 
3250 1.0 92 
3251 1.0 101 
3252 1.0 101 
3253 1.0 118 
3254 1.0 106 
3255 1.0 128 
3256 1.0 112 
3257 1.0 100 
3258 1.0 110 
3259 1.0 109 
3260 1.0 105 
3261 1.0 100 
3262 1.0 102 
3263 1.0 114 
3264 1.0 92 
3265 1.0 79 
3266 1.0 92 
3267 1.0 100 
3268 1.0 103 
3269 1.0 89 
3270 1.0 94 
3271 1.0 83 
3272 1.0 110 
3273 1.0 109 
3274 1.0 114 
3275 1.0 109 
3276 1.0 104 
3277 1.0 105 
3278 1.0 86 
3279 1.0 102 
3280 1.0 107 
3281 1.0 92 
3282 1.0 77 
3283 1.0 74 
3284 1.0 89 
3285 1.0 95 
3286 1.0 21 
3287 1.0 91 
3288 1.0 106 
3289 1.0 92 
3290 1.0 80 
3291 1.0 76 
3292 1.0 93 
3293 1.0 88 
3294 1.0 97 
3295 1.0 88 
3296 1.0 93 
3297 1.0 99 
3298 1.0 106 
3299 1.0 98 
3300 1.0 107 
3301 1.0 93 
3302 1.0 94 
3303 1.0 94 
3304 1.0 103 
3305 1.0 94 
3306 1.0 19 
3307 1.0 90 
3308 1.0 94 
3309 1.0 92 
3310 1.0 97 
3311 1.0 68 
3312 1.0 98 
3313 1.0 93 
3314 1.0 62 
3315 1.0 83 
3316 1.0 115 
3317 1.0 94 
3318 1.0 94 
3319 1.0 106 
3320 1.0 91 
3321 1.0 95 
3322 1.0 92 
3323 1.0 25 
3324 1.0 89 
3325 1.0 95 
3326 1.0 92 
3327 1.0 96 
3328 1.0 98 
3329 1.0 91 
3330 1.0 94 
3331 1.0 91 
3332 1.0 97 
3333 1.0 97 
3334 1.0 89 
3335 1.0 98 
3336 1.0 89 
3337 1.0 87 
3338 1.0 92 
3339 1.0 18 
3340 1.0 17 
3341 1.0 19 
3342 1.0 20 
3343 1.0 25 
3344 1.0 23 
3345 1.0 16 
3346 1.0 20 
3347 1.0 22 
3348 1.0 20 
3349 1.0 21 
3350 1.0 20 
3351 1.0 21 
3352 1.0 29 
3353 1.0 18 
3354 1.0 36 
3355 1.0 112 
3356 1.0 85 
3357 1.0 82 
3358 1.0 93 
3359 1.0 52 
3360 1.0 17 
3361 1.0 12 
3362 1.0 12 
3363 1.0 12 
3364 1.0 12 
3365 1.0 13 
3366 1.0 12 
3367 1.0 11 
3368 1.0 11 
3369 1.0 11 
3370 1.0 11 
3371 1.0 13 
3372 1.0 14 
3373 1.0 12 
3374 1.0 15 
3375 1.0 14 
3376 1.0 14 
3377 1.0 12 
3378 1.0 13 
3379 1.0 19 
3380 1.0 17 
3381 1.0 15 
3382 1.0 22 
3383 1.0 17 
3384 1.0 20 
3385 1.0 27 
3386 1.0 30 
3387 1.0 55 
3388 1.0 57 
3389 1.0 59 
3390 1.0 39 
3391 1.0 50 
3392 1.0 28 
3393 1.0 34 
3394 1.0 30 
3395 1.0 36 
3396 1.0 35 
3397 1.0 39 
3398 1.0 39 
3399 1.0 50 
3400 1.0 49 
3401 1.0 54 
3402 1.0 35 
3403 1.0 28 
3404 1.0 37 
3405 1.0 50 
3406 1.0 52 
3407 1.0 23 
3408 1.0 49 
3409 1.0 49 
3410 1.0 27 
3411 1.0 21 
3412 1.0 18 
3413 1.0 16 
3414 1.0 19 
3415 1.0 19 
3416 1.0 15 
3417 1.0 17 
3418 1.0 16 
3419 1.0 15 
3420 1.0 20 
3421 1.0 19 
3422 1.0 15 
3423 1.0 17 
3424 1.0 17 
3425 1.0 18 
3426 1.0 20 
3427 1.0 26 
3428 1.0 25 
3429 1.0 26 
3430 1.0 19 
3431 1.0 27 
3432 1.0 29 
3433 1.0 26 
3434 1.0 25 
3435 1.0 22 
3436 1.0 22 
3437 1.0 40 
3438 1.0 31 
3439 1.0 22 
3440 1.0 26 
3441 1.0 20 
3442 1.0 32 
3443 1.0 25 
3444 1.0 34 
3445 1.0 20 
3446 1.0 14 
3447 1.0 19 
3448 1.0 14 
3449 1.0 17 
3450 1.0 16 
3451 1.0 14 
3452 1.0 17 
3453 1.0 18 
3454 1.0 17 
3455 1.0 19 
3456 1.0 21 
3457 1.0 18 
3458 1.0 26 
3459 1.0 23 
3460 1.0 24 
3461 1.0 18 
3462 1.0 16 
3463 1.0 13 
3464 1.0 14 
3465 1.0 14 
3466 1.0 13 
3467 1.0 14 
3468 1.0 16 
3469 1.0 15 
3470 1.0 15 
3471 1.0 11 
3472 1.0 11 
3473 1.0 10 
3474 1.0 11 
3475 1.0 14 
3476 1.0 11 
3477 1.0 13 
3478 1.0 12 
3479 1.0 12 
3480 1.0 14 
3481 1.0 13 
3482 1.0 12 
3483 1.0 14 
3484 1.0 12 
3485 1.0 11 
3486 1.0 10 
3487 1.0 12 
3488 1.0 11 
3489 1.0 11 
3490 1.0 15 
3491 1.0 13 
3492 1.0 12 
3493 1.0 13 
3494 1.0 14 
3495 1.0 12 
3496 1.0 14 
3497 1.0 11 
3498 1.0 13 
3499 1.0 13 
3500 1.0 13 
3501 1.0 13 
3502 1.0 13 
3503 1.0 12 
3504 1.0 13 
3505 1.0 11 
3506 1.0 12 
3507 1.0 15 
3508 1.0 14 
3509 1.0 17 
3510 1.0 13 
3511 1.0 13 
3512 1.0 13 
3513 1.0 15 
3514 1.0 16 
3515 1.0 14 
3516 1.0 17 
3517 1.0 19 
3518 1.0 17 
3519 1.0 19 
3520 1.0 18 
3521 1.0 25 
3522 1.0 25 
3523 1.0 29 
3524 1.0 18 
3525 1.0 20 
3526 1.0 22 
3527 1.0 29 
3528 1.0 32 
3529 1.0 22 
3530 1.0 18 
3531 1.0 40 
3532 1.0 25 
3533 1.0 59 
3534 1.0 42 
3535 1.0 54 
3536 1.0 51 
3537 1.0 45 
3538 1.0 52 
3539 1.0 45 
3540 1.0 63 
3541 1.0 37 
3542 1.0 44 
3543 1.0 111 
3544 1.0 93 
3545 1.0 114 
3546 1.0 111 
3547 1.0 113 
3548 1.0 102 
3549 1.0 103 
3550 1.0 101 
3551 1.0 115 
3552 1.0 109 
3553 1.0 122 
3554 1.0 106 
3555 1.0 108 
3556 1.0 113 
3557 1.0 123 
3558 1.0 111 
3559 1.0 106 
3560 1.0 120 
3561 1.0 109 
3562 1.0 14 
3563 1.0 105 
3564 1.0 96 
3565 1.0 105 
3566 1.0 95 
3567 1.0 68 
3568 1.0 92 
3569 1.0 80 
3570 1.0 71 
3571 1.0 56 
3572 1.0 60 
3573 1.0 83 
3574 1.0 66 
3575 1.0 71 
3576 1.0 97 
3577 1.0 88 
3578 1.0 113 
3579 1.0 91 
3580 1.0 98 
3581 1.0 94 
3582 1.0 97 
3583 1.0 93 
3584 1.0 71 
3585 1.0 60 
3586 1.0 64 
3587 1.0 74 
3588 1.0 69 
3589 1.0 71 
3590 1.0 62 
3591 1.0 77 
3592 1.0 63 
3593 1.0 78 
3594 1.0 82 
3595 1.0 84 
3596 1.0 13 
3597 1.0 99 
3598 1.0 101 
3599 1.0 103 
3600 1.0 90 
3601 1.0 95 
3602 1.0 71 
3603 1.0 77 
3604 1.0 86 
3605 1.0 69 
3606 1.0 77 
3607 1.0 68 
3608 1.0 96 
3609 1.0 72 
3610 1.0 88 
3611 1.0 90 
3612 1.0 97 
3613 1.0 11 
3614 1.0 90 
3615 1.0 109 
3616 1.0 91 
3617 1.0 91 
3618 1.0 102 
3619 1.0 101 
3620 1.0 95 
3621 1.0 100 
3622 1.0 109 
3623 1.0 114 
3624 1.0 88 
3625 1.0 60 
3626 1.0 77 
3627 1.0 84 
3628 1.0 88 
3629 1.0 97 
3630 1.0 86 
3631 1.0 97 
3632 1.0 101 
3633 1.0 116 
3634 1.0 102 
3635 1.0 112 
3636 1.0 93 
3637 1.0 99 
3638 1.0 100 
3639 1.0 100 
3640 1.0 101 
3641 1.0 97 
3642 1.0 104 
3643 1.0 106 
3644 1.0 99 
3645 1.0 106 
3646 1.0 94 
3647 1.0 96 
3648 1.0 98 
3649 1.0 98 
3650 1.0 97 
3651 1.0 100 
3652 1.0 99 
3653 1.0 103 
3654 1.0 96 
3655 1.0 88 
3656 1.0 99 
3657 1.0 101 
3658 1.0 91 
3659 1.0 95 
3660 1.0 78 
3661 1.0 64 
3662 1.0 89 
3663 1.0 89 
3664 1.0 92 
3665 1.0 90 
3666 1.0 14 
3667 1.0 10 
3668 1.0 86 
3669 1.0 93 
3670 1.0 97 
3671 1.0 98 
3672 1.0 91 
3673 1.0 85 
3674 1.0 94 
3675 1.0 81 
3676 1.0 87 
3677 1.0 94 
3678 1.0 76 
3679 1.0 66 
3680 1.0 99 
3681 1.0 90 
3682 1.0 71 
3683 1.0 56 
3684 1.0 110 
3685 1.0 61 
3686 1.0 77 
3687 1.0 81 
3688 1.0 92 
3689 1.0 89 
3690 1.0 104 
3691 1.0 98 
3692 1.0 103 
3693 1.0 101 
3694 1.0 83 
3695 1.0 81 
3696 1.0 87 
3697 1.0 98 
3698 1.0 75 
3699 1.0 91 
3700 1.0 85 
3701 1.0 108 
3702 1.0 80 
3703 1.0 100 
3704 1.0 68 
3705 1.0 69 
3706 1.0 71 
3707 1.0 67 
3708 1.0 11 
3709 1.0 65 
3710 1.0 59 
3711 1.0 42 
3712 1.0 55 
3713 1.0 60 
3714 1.0 62 
3715 1.0 86 
3716 1.0 65 
3717 1.0 73 
3718 1.0 75 
3719 1.0 66 
3720 1.0 71 
3721 1.0 81 
3722 1.0 96 
3723 1.0 87 
3724 1.0 77 
3725 1.0 72 
3726 1.0 107 
3727 1.0 73 
3728 1.0 63 
3729 1.0 12 
3730 1.0 66 
3731 1.0 62 
3732 1.0 71 
3733 1.0 81 
3734 1.0 85 
3735 1.0 76 
3736 1.0 86 
3737 1.0 98 
3738 1.0 83 
3739 1.0 90 
3740 1.0 79 
3741 1.0 81 
3742 1.0 73 
3743 1.0 80 
3744 1.0 70 
3745 1.0 63 
3746 1.0 65 
3747 1.0 68 
3748 1.0 63 
3749 1.0 75 
3750 1.0 68 
3751 1.0 79 
3752 1.0 81 
3753 1.0 83 
3754 1.0 90 
3755 1.0 84 
3756 1.0 90 
3757 1.0 86 
3758 1.0 86 
3759 1.0 77 
3760 1.0 77 
3761 1.0 69 
3762 1.0 62 
3763 1.0 21 
3764 1.0 67 
3765 1.0 68 
3766 1.0 87 
3767 1.0 74 
3768 1.0 66 
3769 1.0 76 
3770 1.0 74 
3771 1.0 70 
3772 1.0 74 
3773 1.0 70 
3774 1.0 61 
3775 1.0 68 
3776 1.0 84 
3777 1.0 79 
3778 1.0 70 
3779 1.0 70 
3780 1.0 75 
3781 1.0 84 
3782 1.0 97 
3783 1.0 80 
3784 1.0 72 
3785 1.0 84 
3786 1.0 86 
3787 1.0 82 
3788 1.0 77 
3789 1.0 87 
3790 1.0 78 
3791 1.0 68 
3792 1.0 76 
3793 1.0 71 
3794 1.0 76 
3795 1.0 74 
3796 1.0 83 
3797 1.0 83 
3798 1.0 99 
3799 1.0 84 
3800 1.0 83 
3801 1.0 97 
3802 1.0 89 
3803 1.0 92 
3804 1.0 75 
3805 1.0 91 
3806 1.0 74 
3807 1.0 97 
3808 1.0 92 
3809 1.0 94 
3810 1.0 86 
3811 1.0 75 
3812 1.0 84 
3813 1.0 91 
3814 1.0 89 
3815 1.0 95 
3816 1.0 92 
3817 1.0 83 
3818 1.0 80 
3819 1.0 102 
3820 1.0 96 
3821 1.0 102 
3822 1.0 92 
3823 1.0 92 
3824 1.0 81 
3825 1.0 92 
3826 1.0 95 
3827 1.0 88 
3828 1.0 23 
3829 1.0 76 
3830 1.0 79 
3831 1.0 45 
3832 1.0 73 
3833 1.0 78 
3834 1.0 69 
3835 1.0 68 
3836 1.0 63 
3837 1.0 66 
3838 1.0 20 
3839 1.0 16 
3840 1.0 21 
3841 1.0 15 
3842 1.0 23 
3843 1.0 26 
3844 1.0 63 
3845 1.0 56 
3846 1.0 21 
3847 1.0 22 
3848 1.0 25 
3849 1.0 17 
3850 1.0 20 
3851 1.0 20 
3852 1.0 26 
3853 1.0 23 
3854 1.0 24 
3855 1.0 16 
3856 1.0 17 
3857 1.0 17 
3858 1.0 14 
3859 1.0 20 
3860 1.0 16 
3861 1.0 13 
3862 1.0 17 
3863 1.0 19 
3864 1.0 23 
3865 1.0 19 
3866 1.0 18 
3867 1.0 15 
3868 1.0 19 
3869 1.0 13 
3870 1.0 15 
3871 1.0 12 
3872 1.0 13 
3873 1.0 14 
3874 1.0 15 
3875 1.0 15 
3876 1.0 21 
3877 1.0 22 
3878 1.0 18 
3879 1.0 22 
3880 1.0 15 
3881 1.0 11 
3882 1.0 12 
3883 1.0 13 
3884 1.0 14 
3885 1.0 13 
3886 1.0 11 
3887 1.0 12 
3888 1.0 12 
3889 1.0 9 
3890 1.0 10 
3891 1.0 9 
3892 1.0 11 
3893 1.0 11 
3894 1.0 12 
3895 1.0 16 
3896 1.0 13 
3897 1.0 14 
3898 1.0 16 
3899 1.0 18 
3900 1.0 17 
3901 1.0 18 
3902 1.0 17 
3903 1.0 20 
3904 1.0 13 
3905 1.0 17 
3906 1.0 13 
3907 1.0 15 
3908 1.0 16 
3909 1.0 18 
3910 1.0 15 
3911 1.0 17 
3912 1.0 15 
3913 1.0 13 
3914 1.0 17 
3915 1.0 18 
3916 1.0 15 
3917 1.0 16 
3918 1.0 17 
3919 1.0 14 
3920 1.0 15 
3921 1.0 13 
3922 1.0 27 
3923 1.0 20 
3924 1.0 17 
3925 1.0 34 
3926 1.0 29 
3927 1.0 23 
3928 1.0 35 
3929 1.0 26 
3930 1.0 26 
3931 1.0 40 
3932 1.0 15 
3933 1.0 25 
3934 1.0 25 
3935 1.0 31 
3936 1.0 44 
3937 1.0 30 
3938 1.0 13 
3939 1.0 21 
3940 1.0 23 
3941 1.0 23 
3942 1.0 26 
3943 1.0 21 
3944 1.0 30 
3945 1.0 25 
3946 1.0 22 
3947 1.0 41 
3948 1.0 14 
3949 1.0 28 
3950 1.0 20 
3951 1.0 18 
3952 1.0 12 
3953 1.0 10 
3954 1.0 10 
3955 1.0 16 
3956 1.0 15 
3957 1.0 17 
3958 1.0 14 
3959 1.0 13 
3960 1.0 11 
3961 1.0 14 
3962 1.0 11 
3963 1.0 9 
3964 1.0 10 
3965 1.0 10 
3966 1.0 12 
3967 1.0 13 
3968 1.0 14 
3969 1.0 11 
3970 1.0 10 
3971 1.0 11 
3972 1.0 10 
3973 1.0 11 
3974 1.0 10 
3975 1.0 9 
3976 1.0 9 
3977 1.0 11 
3978 1.0 11 
3979 1.0 10 
3980 1.0 11 
3981 1.0 10 
3982 1.0 10 
3983 1.0 10 
3984 1.0 9 
3985 1.0 9 
3986 1.0 11 
3987 1.0 11 
3988 1.0 11 
3989 1.0 10 
3990 1.0 10 
3991 1.0 9 
3992 1.0 9 
3993 1.0 9 
3994 1.0 10 
3995 1.0 11 
3996 1.0 9 
3997 1.0 10 
3998 1.0 10 
3999 1.0 11 
4000 1.0 10 
4001 1.0 10 
4002 1.0 11 
4003 1.0 13 
4004 1.0 11 
4005 1.0 11 
4006 1.0 9 
4007 1.0 9 
4008 1.0 12 
4009 1.0 10 
4010 1.0 11 
4011 1.0 10 
4012 1.0 10 
4013 1.0 10 
4014 1.0 10 
4015 1.0 9 
4016 1.0 12 
4017 1.0 10 
4018 1.0 10 
4019 1.0 13 
4020 1.0 12 
4021 1.0 15 
4022 1.0 13 
4023 1.0 13 
4024 1.0 10 
4025 1.0 10 
4026 1.0 9 
4027 1.0 9 
4028 1.0 11 
4029 1.0 9 
4030 1.0 9 
4031 1.0 10 
4032 1.0 11 
4033 1.0 9 
4034 1.0 10 
4035 1.0 11 
4036 1.0 9 
4037 1.0 10 
4038 1.0 9 
4039 1.0 10 
4040 1.0 12 
4041 1.0 10 
4042 1.0 13 
4043 1.0 10 
4044 1.0 12 
4045 1.0 12 
4046 1.0 11 
4047 1.0 9 
4048 1.0 13 
4049 1.0 11 
4050 1.0 12 
4051 1.0 10 
4052 1.0 10 
4053 1.0 14 
4054 1.0 12 
4055 1.0 12 
4056 1.0 13 
4057 1.0 11 
4058 1.0 11 
4059 1.0 11 
4060 1.0 13 
4061 1.0 10 
4062 1.0 13 
4063 1.0 14 
4064 1.0 11 
4065 1.0 14 
4066 1.0 11 
4067 1.0 11 
4068 1.0 10 
4069 1.0 11 
4070 1.0 12 
4071 1.0 11 
4072 1.0 13 
4073 1.0 12 
4074 1.0 14 
4075 1.0 14 
4076 1.0 15 
4077 1.0 16 
4078 1.0 13 
4079 1.0 17 
4080 1.0 13 
4081 1.0 13 
4082 1.0 18 
4083 1.0 14 
4084 1.0 16 
4085 1.0 20 
4086 1.0 22 
4087 1.0 11 
4088 1.0 15 
4089 1.0 13 
4090 1.0 16 
4091 1.0 13 
4092 1.0 17 
4093 1.0 14 
4094 1.0 13 
4095 1.0 16 
4096 1.0 14 
4097 1.0 18 
4098 1.0 16 
4099 1.0 14 
4100 1.0 16 
4101 1.0 16 
4102 1.0 13 
4103 1.0 15 
4104 1.0 13 
4105 1.0 18 
4106 1.0 14 
4107 1.0 14 
4108 1.0 12 
4109 1.0 15 
4110 1.0 15 
4111 1.0 14 
4112 1.0 15 
4113 1.0 18 
4114 1.0 15 
4115 1.0 19 
4116 1.0 15 
4117 1.0 12 
4118 1.0 13 
4119 1.0 12 
4120 1.0 13 
4121 1.0 17 
4122 1.0 14 
4123 1.0 17 
4124 1.0 12 
4125 1.0 17 
4126 1.0 21 
4127 1.0 14 
4128 1.0 19 
4129 1.0 14 
4130 1.0 12 
4131 1.0 15 
4132 1.0 15 
4133 1.0 17 
4134 1.0 20 
4135 1.0 15 
4136 1.0 15 
4137 1.0 15 
4138 1.0 19 
4139 1.0 18 
4140 1.0 17 
4141 1.0 16 
4142 1.0 17 
4143 1.0 17 
4144 1.0 15 
4145 1.0 20 
4146 1.0 20 
4147 1.0 15 
4148 1.0 19 
4149 1.0 17 
4150 1.0 15 
4151 1.0 18 
4152 1.0 19 
4153 1.0 18 
4154 1.0 15 
4155 1.0 20 
4156 1.0 23 
4157 1.0 21 
4158 1.0 19 
4159 1.0 19 
4160 1.0 15 
4161 1.0 16 
4162 1.0 18 
4163 1.0 17 
4164 1.0 18 
4165 1.0 27 
4166 1.0 23 
4167 1.0 23 
4168 1.0 15 
4169 1.0 25 
4170 1.0 18 
4171 1.0 21 
4172 1.0 27 
4173 1.0 22 
4174 1.0 20 
4175 1.0 32 
4176 1.0 25 
4177 1.0 19 
4178 1.0 18 
4179 1.0 25 
4180 1.0 16 
4181 1.0 22 
4182 1.0 53 
4183 1.0 35 
4184 1.0 33 
4185 1.0 35 
4186 1.0 34 
4187 1.0 43 
4188 1.0 33 
4189 1.0 40 
4190 1.0 31 
4191 1.0 33 
4192 1.0 58 
4193 1.0 43 
4194 1.0 59 
4195 1.0 70 
4196 1.0 60 
4197 1.0 68 
4198 1.0 70 
4199 1.0 70 
4200 1.0 74 
4201 1.0 74 
4202 1.0 79 
4203 1.0 39 
4204 1.0 79 
4205 1.0 97 
4206 1.0 90 
4207 1.0 77 
4208 1.0 81 
4209 1.0 92 
4210 1.0 79 
4211 1.0 74 
4212 1.0 80 
4213 1.0 91 
4214 1.0 76 
4215 1.0 67 
4216 1.0 50 
4217 1.0 65 
4218 1.0 79 
4219 1.0 68 
4220 1.0 73 
4221 1.0 77 
4222 1.0 88 
4223 1.0 89 
4224 1.0 68 
4225 1.0 74 
4226 1.0 88 
4227 1.0 88 
4228 1.0 79 
4229 1.0 84 
4230 1.0 88 
4231 1.0 91 
4232 1.0 104 
4233 1.0 87 
4234 1.0 98 
4235 1.0 95 
4236 1.0 95 
4237 1.0 70 
4238 1.0 101 
4239 1.0 103 
4240 1.0 68 
4241 1.0 69 
4242 1.0 76 
4243 1.0 69 
4244 1.0 70 
4245 1.0 106 
4246 1.0 77 
4247 1.0 74 
4248 1.0 101 
4249 1.0 102 
4250 1.0 97 
4251 1.0 101 
4252 1.0 98 
4253 1.0 97 
4254 1.0 100 
4255 1.0 102 
4256 1.0 95 
4257 1.0 102 
4258 1.0 102 
4259 1.0 105 
4260 1.0 108 
4261 1.0 109 
4262 1.0 103 
4263 1.0 106 
4264 1.0 70 
4265 1.0 61 
4266 1.0 109 
4267 1.0 104 
4268 1.0 107 
4269 1.0 104 
4270 1.0 97 
4271 1.0 100 
4272 1.0 74 
4273 1.0 85 
4274 1.0 69 
4275 1.0 91 
4276 1.0 72 
4277 1.0 101 
4278 1.0 77 
4279 1.0 79 
4280 1.0 76 
4281 1.0 91 
4282 1.0 92 
4283 1.0 94 
4284 1.0 95 
4285 1.0 97 
4286 1.0 102 
4287 1.0 94 
4288 1.0 98 
4289 1.0 106 
4290 1.0 105 
4291 1.0 103 
4292 1.0 100 
4293 1.0 107 
4294 1.0 105 
4295 1.0 87 
4296 1.0 105 
4297 1.0 94 
4298 1.0 99 
4299 1.0 98 
4300 1.0 99 
4301 1.0 102 
4302 1.0 96 
4303 1.0 93 
4304 1.0 90 
4305 1.0 96 
4306 1.0 91 
4307 1.0 103 
4308 1.0 99 
4309 1.0 94 
4310 1.0 104 
4311 1.0 95 
4312 1.0 102 
4313 1.0 91 
4314 1.0 103 
4315 1.0 100 
4316 1.0 97 
4317 1.0 98 
4318 1.0 102 
4319 1.0 101 
4320 1.0 72 
4321 1.0 90 
4322 1.0 98 
4323 1.0 97 
4324 1.0 87 
4325 1.0 83 
4326 1.0 91 
4327 1.0 85 
4328 1.0 107 
4329 1.0 107 
4330 1.0 98 
4331 1.0 99 
4332 1.0 100 
4333 1.0 91 
4334 1.0 89 
4335 1.0 98 
4336 1.0 100 
4337 1.0 88 
4338 1.0 75 
4339 1.0 98 
4340 1.0 92 
4341 1.0 99 
4342 1.0 93 
4343 1.0 92 
4344 1.0 88 
4345 1.0 94 
4346 1.0 100 
4347 1.0 87 
4348 1.0 83 
4349 1.0 75 
4350 1.0 11 
4351 1.0 87 
4352 1.0 76 
4353 1.0 94 
4354 1.0 83 
4355 1.0 93 
4356 1.0 88 
4357 1.0 91 
4358 1.0 69 
4359 1.0 65 
4360 1.0 76 
4361 1.0 63 
4362 1.0 59 
4363 1.0 65 
4364 1.0 67 
4365 1.0 56 
4366 1.0 58 
4367 1.0 12 
4368 1.0 59 
4369 1.0 59 
4370 1.0 70 
4371 1.0 70 
4372 1.0 67 
4373 1.0 83 
4374 1.0 95 
4375 1.0 91 
4376 1.0 95 
4377 1.0 97 
4378 1.0 78 
4379 1.0 59 
4380 1.0 63 
4381 1.0 64 
4382 1.0 91 
4383 1.0 94 
4384 1.0 86 
4385 1.0 16 
4386 1.0 88 
4387 1.0 92 
4388 1.0 96 
4389 1.0 95 
4390 1.0 87 
4391 1.0 100 
4392 1.0 81 
4393 1.0 72 
4394 1.0 84 
4395 1.0 44 
4396 1.0 61 
4397 1.0 66 
4398 1.0 48 
4399 1.0 19 
4400 1.0 34 
4401 1.0 61 
4402 1.0 97 
4403 1.0 73 
4404 1.0 64 
4405 1.0 69 
4406 1.0 58 
4407 1.0 97 
4408 1.0 94 
4409 1.0 96 
4410 1.0 72 
4411 1.0 72 
4412 1.0 92 
4413 1.0 69 
4414 1.0 68 
4415 1.0 67 
4416 1.0 60 
4417 1.0 60 
4418 1.0 75 
4419 1.0 72 
4420 1.0 71 
4421 1.0 56 
4422 1.0 79 
4423 1.0 69 
4424 1.0 70 
4425 1.0 88 
4426 1.0 93 
4427 1.0 95 
4428 1.0 65 
4429 1.0 74 
4430 1.0 72 
4431 1.0 75 
4432 1.0 77 
4433 1.0 91 
4434 1.0 85 
4435 1.0 87 
4436 1.0 93 
4437 1.0 92 
4438 1.0 85 
4439 1.0 91 
4440 1.0 91 
4441 1.0 92 
4442 1.0 76 
4443 1.0 70 
4444 1.0 64 
4445 1.0 90 
4446 1.0 99 
4447 1.0 91 
4448 1.0 90 
4449 1.0 91 
4450 1.0 86 
4451 1.0 93 
4452 1.0 91 
4453 1.0 89 
4454 1.0 16 
4455 1.0 77 
4456 1.0 68 
4457 1.0 55 
4458 1.0 13 
4459 1.0 60 
4460 1.0 19 
4461 1.0 65 
4462 1.0 69 
4463 1.0 63 
4464 1.0 64 
4465 1.0 54 
4466 1.0 12 
4467 1.0 18 
4468 1.0 18 
4469 1.0 11 
4470 1.0 11 
4471 1.0 13 
4472 1.0 57 
4473 1.0 63 
4474 1.0 73 
4475 1.0 14 
4476 1.0 57 
4477 1.0 23 
4478 1.0 14 
4479 1.0 11 
4480 1.0 59 
4481 1.0 16 
4482 1.0 15 
4483 1.0 49 
4484 1.0 47 
4485 1.0 44 
4486 1.0 22 
4487 1.0 13 
4488 1.0 54 
4489 1.0 12 
4490 1.0 10 
4491 1.0 12 
4492 1.0 14 
4493 1.0 28 
4494 1.0 60 
4495 1.0 53 
4496 1.0 68 
4497 1.0 18 
4498 1.0 61 
4499 1.0 54 
4500 1.0 20 
4501 1.0 17 
4502 1.0 51 
4503 1.0 60 
4504 1.0 22 
4505 1.0 26 
4506 1.0 57 
4507 1.0 19 
4508 1.0 26 
4509 1.0 13 
4510 1.0 68 
4511 1.0 61 
4512 1.0 57 
4513 1.0 17 
4514 1.0 12 
4515 1.0 26 
4516 1.0 29 
4517 1.0 55 
4518 1.0 56 
4519 1.0 14 
4520 1.0 61 
4521 1.0 18 
4522 1.0 64 
4523 1.0 58 
4524 1.0 62 
4525 1.0 65 
4526 1.0 67 
4527 1.0 68 
4528 1.0 80 
4529 1.0 75 
4530 1.0 66 
4531 1.0 16 
4532 1.0 76 
4533 1.0 98 
4534 1.0 92 
4535 1.0 22 
4536 1.0 77 
4537 1.0 71 
4538 1.0 71 
4539 1.0 75 
4540 1.0 69 
4541 1.0 22 
4542 1.0 71 
4543 1.0 98 
4544 1.0 91 
4545 1.0 86 
4546 1.0 87 
4547 1.0 88 
4548 1.0 18 
4549 1.0 73 
4550 1.0 69 
4551 1.0 71 
4552 1.0 13 
4553 1.0 13 
4554 1.0 10 
4555 1.0 10 
4556 1.0 11 
4557 1.0 19 
4558 1.0 10 
4559 1.0 10 
4560 1.0 11 
4561 1.0 92 
4562 1.0 96 
4563 1.0 89 
4564 1.0 90 
4565 1.0 92 
4566 1.0 88 
4567 1.0 90 
4568 1.0 95 
4569 1.0 93 
4570 1.0 90 
4571 1.0 93 
4572 1.0 85 
4573 1.0 89 
4574 1.0 86 
4575 1.0 98 
4576 1.0 11 
4577 1.0 12 
4578 1.0 13 
4579 1.0 15 
4580 1.0 13 
4581 1.0 12 
4582 1.0 13 
4583 1.0 12 
4584 1.0 14 
4585 1.0 18 
4586 1.0 13 
4587 1.0 88 
4588 1.0 86 
4589 1.0 86 
4590 1.0 44 
4591 1.0 88 
4592 1.0 91 
4593 1.0 21 
4594 1.0 16 
4595 1.0 89 
4596 1.0 24 
4597 1.0 18 
4598 1.0 20 
4599 1.0 17 
4600 1.0 17 
4601 1.0 91 
4602 1.0 16 
4603 1.0 19 
4604 1.0 76 
4605 1.0 88 
4606 1.0 59 
4607 1.0 64 
4608 1.0 92 
4609 1.0 78 
4610 1.0 66 
4611 1.0 21 
4612 1.0 18 
4613 1.0 13 
4614 1.0 14 
4615 1.0 16 
4616 1.0 16 
4617 1.0 17 
4618 1.0 15 
4619 1.0 92 
4620 1.0 15 
4621 1.0 21 
4622 1.0 88 
4623 1.0 24 
4624 1.0 17 
4625 1.0 25 
4626 1.0 26 
4627 1.0 73 
4628 1.0 92 
4629 1.0 91 
4630 1.0 91 
4631 1.0 87 
4632 1.0 15 
4633 1.0 23 
4634 1.0 15 
4635 1.0 14 
4636 1.0 66 
4637 1.0 34 
4638 1.0 13 
4639 1.0 13 
4640 1.0 13 
4641 1.0 14 
4642 1.0 14 
4643 1.0 17 
4644 1.0 15 
4645 1.0 14 
4646 1.0 14 
4647 1.0 15 
4648 1.0 18 
4649 1.0 28 
4650 1.0 12 
4651 1.0 13 
4652 1.0 12 
4653 1.0 12 
4654 1.0 15 
4655 1.0 11 
4656 1.0 11 
4657 1.0 11 
4658 1.0 9 
4659 1.0 11 
4660 1.0 11 
4661 1.0 10 
4662 1.0 10 
4663 1.0 13 
4664 1.0 10 
4665 1.0 13 
4666 1.0 15 
4667 1.0 16 
4668 1.0 13 
4669 1.0 13 
4670 1.0 13 
4671 1.0 15 
4672 1.0 15 
4673 1.0 12 
4674 1.0 11 
4675 1.0 11 
4676 1.0 10 
4677 1.0 11 
4678 1.0 12 
4679 1.0 12 
4680 1.0 15 
4681 1.0 13 
4682 1.0 12 
4683 1.0 17 
4684 1.0 10 
4685 1.0 10 
4686 1.0 10 
4687 1.0 12 
4688 1.0 10 
4689 1.0 12 
4690 1.0 14 
4691 1.0 10 
4692 1.0 10 
4693 1.0 10 
4694 1.0 11 
4695 1.0 10 
4696 1.0 10 
4697 1.0 12 
4698 1.0 10 
4699 1.0 12 
4700 1.0 10 
4701 1.0 14 
4702 1.0 14 
4703 1.0 15 
4704 1.0 17 
4705 1.0 13 
4706 1.0 17 
4707 1.0 13 
4708 1.0 12 
4709 1.0 15 
4710 1.0 13 
4711 1.0 11 
4712 1.0 12 
4713 1.0 12 
4714 1.0 12 
4715 1.0 13 
4716 1.0 10 
4717 1.0 11 
4718 1.0 13 
4719 1.0 10 
4720 1.0 11 
4721 1.0 11 
4722 1.0 12 
4723 1.0 11 
4724 1.0 11 
4725 1.0 13 
4726 1.0 13 
4727 1.0 11 
4728 1.0 10 
4729 1.0 12 
4730 1.0 13 
4731 1.0 13 
4732 1.0 17 
4733 1.0 16 
4734 1.0 15 
4735 1.0 12 
4736 1.0 12 
4737 1.0 13 
4738 1.0 13 
4739 1.0 13 
4740 1.0 14 
4741 1.0 17 
4742 1.0 15 
4743 1.0 15 
4744 1.0 14 
4745 1.0 16 
4746 1.0 11 
4747 1.0 10 
4748 1.0 14 
4749 1.0 10 
4750 1.0 13 
4751 1.0 12 
4752 1.0 15 
4753 1.0 11 
4754 1.0 16 
4755 1.0 11 
4756 1.0 15 
4757 1.0 11 
4758 1.0 13 
4759 1.0 12 
4760 1.0 13 
4761 1.0 13 
4762 1.0 10 
4763 1.0 12 
4764 1.0 11 
4765 1.0 11 
4766 1.0 14 
4767 1.0 10 
4768 1.0 13 
4769 1.0 16 
4770 1.0 12 
4771 1.0 13 
4772 1.0 16 
4773 1.0 13 
4774 1.0 16 
4775 1.0 12 
4776 1.0 13 
4777 1.0 11 
4778 1.0 11 
4779 1.0 14 
4780 1.0 15 
4781 1.0 13 
4782 1.0 14 
4783 1.0 13 
4784 1.0 15 
4785 1.0 17 
4786 1.0 16 
4787 1.0 12 
4788 1.0 13 
4789 1.0 12 
4790 1.0 14 
4791 1.0 14 
4792 1.0 15 
4793 1.0 15 
4794 1.0 15 
4795 1.0 16 
4796 1.0 12 
4797 1.0 11 
4798 1.0 14 
4799 1.0 14 
4800 1.0 16 
4801 1.0 12 
4802 1.0 16 
4803 1.0 14 
4804 1.0 15 
4805 1.0 17 
4806 1.0 14 
4807 1.0 12 
4808 1.0 16 
4809 1.0 15 
4810 1.0 20 
4811 1.0 17 
4812 1.0 13 
4813 1.0 17 
4814 1.0 17 
4815 1.0 14 
4816 1.0 12 
4817 1.0 17 
4818 1.0 15 
4819 1.0 15 
4820 1.0 22 
4821 1.0 17 
4822 1.0 16 
4823 1.0 16 
4824 1.0 30 
4825 1.0 27 
4826 1.0 25 
4827 1.0 19 
4828 1.0 20 
4829 1.0 18 
4830 1.0 16 
4831 1.0 15 
4832 1.0 22 
4833 1.0 19 
4834 1.0 31 
4835 1.0 29 
4836 1.0 19 
4837 1.0 24 
4838 1.0 20 
4839 1.0 20 
4840 1.0 19 
4841 1.0 26 
4842 1.0 22 
4843 1.0 23 
4844 1.0 34 
4845 1.0 25 
4846 1.0 37 
4847 1.0 30 
4848 1.0 27 
4849 1.0 35 
4850 1.0 42 
4851 1.0 41 
4852 1.0 49 
4853 1.0 44 
4854 1.0 44 
4855 1.0 37 
4856 1.0 44 
4857 1.0 33 
4858 1.0 27 
4859 1.0 47 
4860 1.0 42 
4861 1.0 39 
4862 1.0 40 
4863 1.0 37 
4864 1.0 36 
4865 1.0 39 
4866 1.0 41 
4867 1.0 40 
4868 1.0 47 
4869 1.0 35 
4870 1.0 40 
4871 1.0 33 
4872 1.0 40 
4873 1.0 42 
4874 1.0 56 
4875 1.0 54 
4876 1.0 26 
4877 1.0 54 
4878 1.0 34 
4879 1.0 32 
4880 1.0 38 
4881 1.0 32 
4882 1.0 51 
4883 1.0 33 
4884 1.0 49 
4885 1.0 41 
4886 1.0 43 
4887 1.0 54 
4888 1.0 48 
4889 1.0 54 
4890 1.0 47 
4891 1.0 31 
4892 1.0 43 
4893 1.0 40 
4894 1.0 31 
4895 1.0 98 
4896 1.0 75 
4897 1.0 46 
4898 1.0 60 
4899 1.0 69 
4900 1.0 52 
4901 1.0 50 
4902 1.0 55 
4903 1.0 50 
4904 1.0 40 
4905 1.0 38 
4906 1.0 96 
4907 1.0 55 
4908 1.0 72 
4909 1.0 93 
4910 1.0 51 
4911 1.0 108 
4912 1.0 97 
4913 1.0 95 
4914 1.0 100 
4915 1.0 103 
4916 1.0 88 
4917 1.0 91 
4918 1.0 91 
4919 1.0 91 
4920 1.0 95 
4921 1.0 92 
4922 1.0 96 
4923 1.0 97 
4924 1.0 90 
4925 1.0 54 
4926 1.0 104 
4927 1.0 93 
4928 1.0 63 
4929 1.0 92 
4930 1.0 94 
4931 1.0 100 
4932 1.0 97 
4933 1.0 101 
4934 1.0 116 
4935 1.0 67 
4936 1.0 97 
4937 1.0 91 
4938 1.0 99 
4939 1.0 91 
4940 1.0 96 
4941 1.0 70 
4942 1.0 100 
4943 1.0 92 
4944 1.0 62 
4945 1.0 96 
4946 1.0 104 
4947 1.0 96 
4948 1.0 98 
4949 1.0 65 
4950 1.0 97 
4951 1.0 100 
4952 1.0 53 
4953 1.0 47 
4954 1.0 62 
4955 1.0 69 
4956 1.0 98 
4957 1.0 100 
4958 1.0 94 
4959 1.0 53 
4960 1.0 52 
4961 1.0 55 
4962 1.0 63 
4963 1.0 44 
4964 1.0 46 
4965 1.0 49 
4966 1.0 55 
4967 1.0 99 
4968 1.0 91 
4969 1.0 96 
4970 1.0 101 
4971 1.0 104 
4972 1.0 107 
4973 1.0 105 
4974 1.0 96 
4975 1.0 94 
4976 1.0 108 
4977 1.0 98 
4978 1.0 94 
4979 1.0 91 
4980 1.0 96 
4981 1.0 90 
4982 1.0 90 
4983 1.0 99 
4984 1.0 101 
4985 1.0 92 
4986 1.0 94 
4987 1.0 93 
4988 1.0 94 
4989 1.0 92 
4990 1.0 15 
4991 1.0 16 
4992 1.0 63 
4993 1.0 74 
4994 1.0 64 
4995 1.0 94 
4996 1.0 93 
4997 1.0 65 
4998 1.0 65 
4999 1.0 76 
5000 1.0 100 
