0 1.0 11 
1 1.0 9 
2 1.0 9 
3 1.0 9 
4 1.0 10 
5 1.0 8 
6 1.0 8 
7 1.0 10 
8 1.0 10 
9 1.0 11 
10 1.0 9 
11 1.0 10 
12 1.0 10 
13 1.0 11 
14 1.0 10 
15 1.0 9 
16 1.0 8 
17 1.0 9 
18 1.0 8 
19 1.0 8 
20 1.0 11 
21 1.0 10 
22 1.0 10 
23 1.0 9 
24 1.0 9 
25 1.0 10 
26 1.0 9 
27 1.0 8 
28 1.0 10 
29 1.0 9 
30 1.0 10 
31 1.0 10 
32 1.0 9 
33 1.0 9 
34 1.0 10 
35 1.0 10 
36 1.0 10 
37 1.0 9 
38 1.0 10 
39 1.0 10 
40 1.0 9 
41 1.0 10 
42 1.0 8 
43 1.0 9 
44 1.0 10 
45 1.0 11 
46 1.0 9 
47 1.0 8 
48 1.0 10 
49 1.0 9 
50 1.0 9 
51 1.0 10 
52 1.0 9 
53 1.0 10 
54 1.0 10 
55 1.0 10 
56 1.0 9 
57 1.0 10 
58 1.0 9 
59 1.0 8 
60 1.0 8 
61 1.0 8 
62 1.0 10 
63 1.0 9 
64 1.0 9 
65 1.0 10 
66 1.0 9 
67 1.0 9 
68 1.0 9 
69 1.0 10 
70 1.0 9 
71 1.0 9 
72 1.0 9 
73 1.0 10 
74 1.0 10 
75 1.0 10 
76 1.0 8 
77 1.0 9 
78 1.0 10 
79 1.0 9 
80 1.0 9 
81 1.0 9 
82 1.0 11 
83 1.0 9 
84 1.0 10 
85 1.0 9 
86 1.0 8 
87 1.0 9 
88 1.0 8 
89 1.0 9 
90 1.0 10 
91 1.0 9 
92 1.0 10 
93 1.0 10 
94 1.0 11 
95 1.0 10 
96 1.0 11 
97 1.0 10 
98 1.0 10 
99 1.0 10 
100 1.0 10 
101 1.0 9 
102 1.0 10 
103 1.0 9 
104 1.0 10 
105 1.0 9 
106 1.0 10 
107 1.0 9 
108 1.0 8 
109 1.0 10 
110 1.0 11 
111 1.0 10 
112 1.0 11 
113 1.0 9 
114 1.0 8 
115 1.0 10 
116 1.0 9 
117 1.0 11 
118 1.0 9 
119 1.0 10 
120 1.0 9 
121 1.0 10 
122 1.0 9 
123 1.0 9 
124 1.0 8 
125 1.0 9 
126 1.0 9 
127 1.0 9 
128 1.0 10 
129 1.0 9 
130 1.0 9 
131 1.0 10 
132 1.0 11 
133 1.0 8 
134 1.0 10 
135 1.0 10 
136 1.0 10 
137 1.0 9 
138 1.0 9 
139 1.0 11 
140 1.0 10 
141 1.0 10 
142 1.0 9 
143 1.0 9 
144 1.0 9 
145 1.0 9 
146 1.0 8 
147 1.0 9 
148 1.0 10 
149 1.0 11 
150 1.0 9 
151 1.0 10 
152 1.0 9 
153 1.0 10 
154 1.0 9 
155 1.0 9 
156 1.0 9 
157 1.0 9 
158 1.0 10 
159 1.0 9 
160 1.0 10 
161 1.0 10 
162 1.0 10 
163 1.0 10 
164 1.0 8 
165 1.0 8 
166 1.0 8 
167 1.0 9 
168 1.0 9 
169 1.0 9 
170 1.0 10 
171 1.0 10 
172 1.0 10 
173 1.0 9 
174 1.0 8 
175 1.0 8 
176 1.0 9 
177 1.0 8 
178 1.0 10 
179 1.0 9 
180 1.0 10 
181 1.0 9 
182 1.0 9 
183 1.0 9 
184 1.0 10 
185 1.0 8 
186 1.0 10 
187 1.0 10 
188 1.0 9 
189 1.0 9 
190 1.0 8 
191 1.0 9 
192 1.0 9 
193 1.0 9 
194 1.0 8 
195 1.0 9 
196 1.0 10 
197 1.0 9 
198 1.0 11 
199 1.0 10 
200 1.0 9 
201 1.0 9 
202 1.0 9 
203 1.0 10 
204 1.0 9 
205 1.0 10 
206 1.0 10 
207 1.0 9 
208 1.0 9 
209 1.0 8 
210 1.0 10 
211 1.0 11 
212 1.0 10 
213 1.0 10 
214 1.0 8 
215 1.0 9 
216 1.0 10 
217 1.0 9 
218 1.0 8 
219 1.0 10 
220 1.0 10 
221 1.0 8 
222 1.0 8 
223 1.0 9 
224 1.0 9 
225 1.0 9 
226 1.0 10 
227 1.0 9 
228 1.0 10 
229 1.0 9 
230 1.0 10 
231 1.0 8 
232 1.0 10 
233 1.0 8 
234 1.0 10 
235 1.0 10 
236 1.0 9 
237 1.0 9 
238 1.0 10 
239 1.0 10 
240 1.0 9 
241 1.0 10 
242 1.0 9 
243 1.0 10 
244 1.0 9 
245 1.0 10 
246 1.0 11 
247 1.0 9 
248 1.0 8 
249 1.0 10 
250 1.0 10 
251 1.0 10 
252 1.0 10 
253 1.0 10 
254 1.0 10 
255 1.0 9 
256 1.0 10 
257 1.0 10 
258 1.0 9 
259 1.0 10 
260 1.0 10 
261 1.0 10 
262 1.0 8 
263 1.0 10 
264 1.0 9 
265 1.0 10 
266 1.0 9 
267 1.0 9 
268 1.0 9 
269 1.0 8 
270 1.0 9 
271 1.0 9 
272 1.0 9 
273 1.0 9 
274 1.0 9 
275 1.0 9 
276 1.0 9 
277 1.0 10 
278 1.0 10 
279 1.0 10 
280 1.0 10 
281 1.0 9 
282 1.0 9 
283 1.0 9 
284 1.0 10 
285 1.0 9 
286 1.0 9 
287 1.0 9 
288 1.0 8 
289 1.0 11 
290 1.0 10 
291 1.0 10 
292 1.0 10 
293 1.0 9 
294 1.0 9 
295 1.0 9 
296 1.0 9 
297 1.0 9 
298 1.0 9 
299 1.0 9 
300 1.0 9 
301 1.0 9 
302 1.0 9 
303 1.0 9 
304 1.0 10 
305 1.0 10 
306 1.0 9 
307 1.0 8 
308 1.0 10 
309 1.0 8 
310 1.0 11 
311 1.0 8 
312 1.0 9 
313 1.0 10 
314 1.0 10 
315 1.0 9 
316 1.0 8 
317 1.0 10 
318 1.0 11 
319 1.0 9 
320 1.0 9 
321 1.0 10 
322 1.0 10 
323 1.0 9 
324 1.0 9 
325 1.0 9 
326 1.0 9 
327 1.0 10 
328 1.0 10 
329 1.0 10 
330 1.0 9 
331 1.0 9 
332 1.0 9 
333 1.0 8 
334 1.0 8 
335 1.0 9 
336 1.0 9 
337 1.0 10 
338 1.0 9 
339 1.0 9 
340 1.0 9 
341 1.0 10 
342 1.0 8 
343 1.0 8 
344 1.0 10 
345 1.0 8 
346 1.0 8 
347 1.0 10 
348 1.0 10 
349 1.0 9 
350 1.0 9 
351 1.0 11 
352 1.0 10 
353 1.0 10 
354 1.0 9 
355 1.0 9 
356 1.0 9 
357 1.0 10 
358 1.0 9 
359 1.0 10 
360 1.0 10 
361 1.0 10 
362 1.0 9 
363 1.0 10 
364 1.0 9 
365 1.0 9 
366 1.0 10 
367 1.0 9 
368 1.0 9 
369 1.0 10 
370 1.0 10 
371 1.0 10 
372 1.0 9 
373 1.0 10 
374 1.0 9 
375 1.0 9 
376 1.0 10 
377 1.0 9 
378 1.0 10 
379 1.0 10 
380 1.0 9 
381 1.0 10 
382 1.0 10 
383 1.0 9 
384 1.0 9 
385 1.0 10 
386 1.0 10 
387 1.0 8 
388 1.0 9 
389 1.0 11 
390 1.0 8 
391 1.0 9 
392 1.0 9 
393 1.0 9 
394 1.0 8 
395 1.0 10 
396 1.0 9 
397 1.0 9 
398 1.0 10 
399 1.0 10 
400 1.0 9 
401 1.0 9 
402 1.0 10 
403 1.0 9 
404 1.0 9 
405 1.0 10 
406 1.0 9 
407 1.0 11 
408 1.0 9 
409 1.0 8 
410 1.0 8 
411 1.0 10 
412 1.0 9 
413 1.0 10 
414 1.0 9 
415 1.0 11 
416 1.0 8 
417 1.0 10 
418 1.0 10 
419 1.0 10 
420 1.0 10 
421 1.0 9 
422 1.0 8 
423 1.0 8 
424 1.0 10 
425 1.0 9 
426 1.0 10 
427 1.0 9 
428 1.0 8 
429 1.0 8 
430 1.0 9 
431 1.0 9 
432 1.0 10 
433 1.0 9 
434 1.0 10 
435 1.0 9 
436 1.0 8 
437 1.0 9 
438 1.0 10 
439 1.0 10 
440 1.0 11 
441 1.0 10 
442 1.0 10 
443 1.0 9 
444 1.0 9 
445 1.0 10 
446 1.0 10 
447 1.0 10 
448 1.0 10 
449 1.0 9 
450 1.0 10 
451 1.0 9 
452 1.0 10 
453 1.0 10 
454 1.0 9 
455 1.0 8 
456 1.0 9 
457 1.0 9 
458 1.0 9 
459 1.0 10 
460 1.0 9 
461 1.0 10 
462 1.0 10 
463 1.0 10 
464 1.0 10 
465 1.0 10 
466 1.0 10 
467 1.0 10 
468 1.0 9 
469 1.0 10 
470 1.0 9 
471 1.0 10 
472 1.0 9 
473 1.0 9 
474 1.0 10 
475 1.0 9 
476 1.0 8 
477 1.0 9 
478 1.0 11 
479 1.0 10 
480 1.0 9 
481 1.0 8 
482 1.0 9 
483 1.0 10 
484 1.0 9 
485 1.0 10 
486 1.0 10 
487 1.0 10 
488 1.0 8 
489 1.0 11 
490 1.0 9 
491 1.0 10 
492 1.0 9 
493 1.0 10 
494 1.0 10 
495 1.0 8 
496 1.0 10 
497 1.0 9 
498 1.0 10 
499 1.0 9 
500 1.0 10 
501 1.0 9 
502 1.0 9 
503 1.0 9 
504 1.0 9 
505 1.0 10 
506 1.0 9 
507 1.0 10 
508 1.0 10 
509 1.0 9 
510 1.0 9 
511 1.0 9 
512 1.0 10 
513 1.0 10 
514 1.0 8 
515 1.0 10 
516 1.0 10 
517 1.0 10 
518 1.0 9 
519 1.0 9 
520 1.0 8 
521 1.0 9 
522 1.0 8 
523 1.0 10 
524 1.0 10 
525 1.0 9 
526 1.0 9 
527 1.0 10 
528 1.0 10 
529 1.0 9 
530 1.0 10 
531 1.0 10 
532 1.0 9 
533 1.0 9 
534 1.0 10 
535 1.0 10 
536 1.0 8 
537 1.0 9 
538 1.0 10 
539 1.0 10 
540 1.0 9 
541 1.0 9 
542 1.0 8 
543 1.0 10 
544 1.0 10 
545 1.0 10 
546 1.0 9 
547 1.0 9 
548 1.0 8 
549 1.0 9 
550 1.0 9 
551 1.0 9 
552 1.0 8 
553 1.0 9 
554 1.0 10 
555 1.0 9 
556 1.0 9 
557 1.0 9 
558 1.0 8 
559 1.0 10 
560 1.0 10 
561 1.0 10 
562 1.0 10 
563 1.0 8 
564 1.0 9 
565 1.0 10 
566 1.0 9 
567 1.0 9 
568 1.0 9 
569 1.0 8 
570 1.0 10 
571 1.0 10 
572 1.0 10 
573 1.0 10 
574 1.0 9 
575 1.0 9 
576 1.0 10 
577 1.0 9 
578 1.0 9 
579 1.0 8 
580 1.0 10 
581 1.0 9 
582 1.0 10 
583 1.0 9 
584 1.0 9 
585 1.0 8 
586 1.0 10 
587 1.0 10 
588 1.0 8 
589 1.0 10 
590 1.0 9 
591 1.0 9 
592 1.0 9 
593 1.0 9 
594 1.0 10 
595 1.0 10 
596 1.0 9 
597 1.0 9 
598 1.0 9 
599 1.0 11 
600 1.0 10 
601 1.0 9 
602 1.0 10 
603 1.0 9 
604 1.0 9 
605 1.0 9 
606 1.0 10 
607 1.0 10 
608 1.0 10 
609 1.0 10 
610 1.0 9 
611 1.0 10 
612 1.0 9 
613 1.0 9 
614 1.0 9 
615 1.0 10 
616 1.0 9 
617 1.0 9 
618 1.0 9 
619 1.0 11 
620 1.0 9 
621 1.0 10 
622 1.0 10 
623 1.0 8 
624 1.0 10 
625 1.0 10 
626 1.0 8 
627 1.0 9 
628 1.0 9 
629 1.0 10 
630 1.0 10 
631 1.0 9 
632 1.0 10 
633 1.0 9 
634 1.0 10 
635 1.0 10 
636 1.0 9 
637 1.0 10 
638 1.0 10 
639 1.0 9 
640 1.0 9 
641 1.0 10 
642 1.0 11 
643 1.0 10 
644 1.0 10 
645 1.0 9 
646 1.0 9 
647 1.0 10 
648 1.0 10 
649 1.0 10 
650 1.0 8 
651 1.0 10 
652 1.0 8 
653 1.0 10 
654 1.0 8 
655 1.0 9 
656 1.0 10 
657 1.0 9 
658 1.0 10 
659 1.0 9 
660 1.0 8 
661 1.0 9 
662 1.0 9 
663 1.0 9 
664 1.0 10 
665 1.0 10 
666 1.0 9 
667 1.0 10 
668 1.0 9 
669 1.0 9 
670 1.0 9 
671 1.0 9 
672 1.0 10 
673 1.0 8 
674 1.0 9 
675 1.0 9 
676 1.0 10 
677 1.0 9 
678 1.0 10 
679 1.0 11 
680 1.0 8 
681 1.0 9 
682 1.0 10 
683 1.0 9 
684 1.0 10 
685 1.0 11 
686 1.0 9 
687 1.0 10 
688 1.0 9 
689 1.0 9 
690 1.0 10 
691 1.0 9 
692 1.0 10 
693 1.0 10 
694 1.0 8 
695 1.0 8 
696 1.0 8 
697 1.0 9 
698 1.0 10 
699 1.0 10 
700 1.0 8 
701 1.0 8 
702 1.0 10 
703 1.0 9 
704 1.0 9 
705 1.0 9 
706 1.0 9 
707 1.0 10 
708 1.0 9 
709 1.0 8 
710 1.0 9 
711 1.0 10 
712 1.0 10 
713 1.0 10 
714 1.0 9 
715 1.0 8 
716 1.0 10 
717 1.0 9 
718 1.0 8 
719 1.0 9 
720 1.0 9 
721 1.0 10 
722 1.0 10 
723 1.0 10 
724 1.0 9 
725 1.0 8 
726 1.0 10 
727 1.0 8 
728 1.0 9 
729 1.0 10 
730 1.0 10 
731 1.0 9 
732 1.0 10 
733 1.0 9 
734 1.0 9 
735 1.0 9 
736 1.0 9 
737 1.0 9 
738 1.0 10 
739 1.0 10 
740 1.0 10 
741 1.0 10 
742 1.0 11 
743 1.0 8 
744 1.0 11 
745 1.0 8 
746 1.0 8 
747 1.0 10 
748 1.0 9 
749 1.0 10 
750 1.0 9 
751 1.0 9 
752 1.0 9 
753 1.0 9 
754 1.0 10 
755 1.0 10 
756 1.0 9 
757 1.0 8 
758 1.0 9 
759 1.0 9 
760 1.0 10 
761 1.0 10 
762 1.0 9 
763 1.0 9 
764 1.0 9 
765 1.0 9 
766 1.0 10 
767 1.0 10 
768 1.0 10 
769 1.0 10 
770 1.0 10 
771 1.0 10 
772 1.0 9 
773 1.0 9 
774 1.0 8 
775 1.0 9 
776 1.0 9 
777 1.0 10 
778 1.0 9 
779 1.0 10 
780 1.0 9 
781 1.0 10 
782 1.0 10 
783 1.0 10 
784 1.0 9 
785 1.0 9 
786 1.0 8 
787 1.0 9 
788 1.0 10 
789 1.0 9 
790 1.0 10 
791 1.0 10 
792 1.0 10 
793 1.0 9 
794 1.0 9 
795 1.0 9 
796 1.0 8 
797 1.0 11 
798 1.0 9 
799 1.0 8 
800 1.0 9 
801 1.0 10 
802 1.0 10 
803 1.0 10 
804 1.0 9 
805 1.0 9 
806 1.0 8 
807 1.0 9 
808 1.0 10 
809 1.0 10 
810 1.0 9 
811 1.0 8 
812 1.0 9 
813 1.0 9 
814 1.0 9 
815 1.0 8 
816 1.0 9 
817 1.0 9 
818 1.0 9 
819 1.0 10 
820 1.0 9 
821 1.0 9 
822 1.0 9 
823 1.0 9 
824 1.0 9 
825 1.0 11 
826 1.0 10 
827 1.0 9 
828 1.0 9 
829 1.0 10 
830 1.0 10 
831 1.0 9 
832 1.0 11 
833 1.0 9 
834 1.0 10 
835 1.0 10 
836 1.0 9 
837 1.0 9 
838 1.0 9 
839 1.0 8 
840 1.0 11 
841 1.0 11 
842 1.0 8 
843 1.0 10 
844 1.0 9 
845 1.0 10 
846 1.0 10 
847 1.0 9 
848 1.0 10 
849 1.0 10 
850 1.0 10 
851 1.0 10 
852 1.0 8 
853 1.0 10 
854 1.0 10 
855 1.0 9 
856 1.0 9 
857 1.0 8 
858 1.0 8 
859 1.0 9 
860 1.0 10 
861 1.0 10 
862 1.0 9 
863 1.0 9 
864 1.0 10 
865 1.0 10 
866 1.0 8 
867 1.0 10 
868 1.0 10 
869 1.0 9 
870 1.0 9 
871 1.0 9 
872 1.0 9 
873 1.0 9 
874 1.0 9 
875 1.0 10 
876 1.0 10 
877 1.0 10 
878 1.0 8 
879 1.0 9 
880 1.0 9 
881 1.0 8 
882 1.0 8 
883 1.0 10 
884 1.0 10 
885 1.0 8 
886 1.0 9 
887 1.0 9 
888 1.0 10 
889 1.0 9 
890 1.0 10 
891 1.0 9 
892 1.0 10 
893 1.0 9 
894 1.0 9 
895 1.0 10 
896 1.0 9 
897 1.0 9 
898 1.0 10 
899 1.0 9 
900 1.0 9 
901 1.0 9 
902 1.0 10 
903 1.0 9 
904 1.0 9 
905 1.0 11 
906 1.0 9 
907 1.0 9 
908 1.0 10 
909 1.0 9 
910 1.0 9 
911 1.0 10 
912 1.0 10 
913 1.0 9 
914 1.0 10 
915 1.0 9 
916 1.0 9 
917 1.0 10 
918 1.0 10 
919 1.0 10 
920 1.0 9 
921 1.0 10 
922 1.0 9 
923 1.0 10 
924 1.0 9 
925 1.0 10 
926 1.0 9 
927 1.0 10 
928 1.0 10 
929 1.0 10 
930 1.0 10 
931 1.0 10 
932 1.0 9 
933 1.0 9 
934 1.0 10 
935 1.0 9 
936 1.0 10 
937 1.0 9 
938 1.0 8 
939 1.0 8 
940 1.0 9 
941 1.0 9 
942 1.0 8 
943 1.0 9 
944 1.0 9 
945 1.0 9 
946 1.0 11 
947 1.0 9 
948 1.0 10 
949 1.0 10 
950 1.0 11 
951 1.0 9 
952 1.0 10 
953 1.0 9 
954 1.0 9 
955 1.0 9 
956 1.0 10 
957 1.0 9 
958 1.0 10 
959 1.0 10 
960 1.0 8 
961 1.0 9 
962 1.0 8 
963 1.0 9 
964 1.0 9 
965 1.0 10 
966 1.0 10 
967 1.0 9 
968 1.0 9 
969 1.0 10 
970 1.0 8 
971 1.0 10 
972 1.0 9 
973 1.0 9 
974 1.0 10 
975 1.0 9 
976 1.0 10 
977 1.0 10 
978 1.0 10 
979 1.0 10 
980 1.0 9 
981 1.0 9 
982 1.0 10 
983 1.0 9 
984 1.0 10 
985 1.0 10 
986 1.0 9 
987 1.0 9 
988 1.0 10 
989 1.0 9 
990 1.0 10 
991 1.0 9 
992 1.0 8 
993 1.0 9 
994 1.0 10 
995 1.0 9 
996 1.0 10 
997 1.0 10 
998 1.0 10 
999 1.0 9 
1000 1.0 9 
1001 1.0 9 
1002 1.0 9 
1003 1.0 9 
1004 1.0 10 
1005 1.0 9 
1006 1.0 11 
1007 1.0 8 
1008 1.0 10 
1009 1.0 10 
1010 1.0 9 
1011 1.0 9 
1012 1.0 8 
1013 1.0 10 
1014 1.0 10 
1015 1.0 10 
1016 1.0 9 
1017 1.0 11 
1018 1.0 10 
1019 1.0 9 
1020 1.0 9 
1021 1.0 9 
1022 1.0 8 
1023 1.0 11 
1024 1.0 8 
1025 1.0 10 
1026 1.0 8 
1027 1.0 9 
1028 1.0 9 
1029 1.0 9 
1030 1.0 10 
1031 1.0 10 
1032 1.0 10 
1033 1.0 10 
1034 1.0 10 
1035 1.0 9 
1036 1.0 9 
1037 1.0 9 
1038 1.0 9 
1039 1.0 9 
1040 1.0 10 
1041 1.0 9 
1042 1.0 8 
1043 1.0 9 
1044 1.0 9 
1045 1.0 9 
1046 1.0 10 
1047 1.0 9 
1048 1.0 9 
1049 1.0 10 
1050 1.0 9 
1051 1.0 10 
1052 1.0 11 
1053 1.0 10 
1054 1.0 9 
1055 1.0 10 
1056 1.0 9 
1057 1.0 10 
1058 1.0 10 
1059 1.0 10 
1060 1.0 10 
1061 1.0 8 
1062 1.0 9 
1063 1.0 9 
1064 1.0 10 
1065 1.0 10 
1066 1.0 8 
1067 1.0 9 
1068 1.0 9 
1069 1.0 10 
1070 1.0 10 
1071 1.0 9 
1072 1.0 9 
1073 1.0 10 
1074 1.0 9 
1075 1.0 10 
1076 1.0 9 
1077 1.0 9 
1078 1.0 10 
1079 1.0 10 
1080 1.0 10 
1081 1.0 8 
1082 1.0 10 
1083 1.0 10 
1084 1.0 9 
1085 1.0 10 
1086 1.0 11 
1087 1.0 8 
1088 1.0 9 
1089 1.0 8 
1090 1.0 10 
1091 1.0 9 
1092 1.0 10 
1093 1.0 8 
1094 1.0 10 
1095 1.0 9 
1096 1.0 9 
1097 1.0 10 
1098 1.0 9 
1099 1.0 10 
1100 1.0 9 
1101 1.0 8 
1102 1.0 9 
1103 1.0 9 
1104 1.0 9 
1105 1.0 9 
1106 1.0 9 
1107 1.0 10 
1108 1.0 9 
1109 1.0 9 
1110 1.0 10 
1111 1.0 9 
1112 1.0 9 
1113 1.0 9 
1114 1.0 10 
1115 1.0 10 
1116 1.0 9 
1117 1.0 9 
1118 1.0 9 
1119 1.0 10 
1120 1.0 10 
1121 1.0 8 
1122 1.0 8 
1123 1.0 9 
1124 1.0 9 
1125 1.0 9 
1126 1.0 9 
1127 1.0 10 
1128 1.0 9 
1129 1.0 9 
1130 1.0 9 
1131 1.0 9 
1132 1.0 9 
1133 1.0 9 
1134 1.0 10 
1135 1.0 10 
1136 1.0 10 
1137 1.0 10 
1138 1.0 9 
1139 1.0 9 
1140 1.0 9 
1141 1.0 10 
1142 1.0 9 
1143 1.0 10 
1144 1.0 8 
1145 1.0 9 
1146 1.0 9 
1147 1.0 10 
1148 1.0 10 
1149 1.0 8 
1150 1.0 9 
1151 1.0 10 
1152 1.0 10 
1153 1.0 10 
1154 1.0 10 
1155 1.0 10 
1156 1.0 10 
1157 1.0 10 
1158 1.0 10 
1159 1.0 10 
1160 1.0 10 
1161 1.0 10 
1162 1.0 9 
1163 1.0 9 
1164 1.0 9 
1165 1.0 10 
1166 1.0 10 
1167 1.0 9 
1168 1.0 10 
1169 1.0 8 
1170 1.0 10 
1171 1.0 8 
1172 1.0 10 
1173 1.0 10 
1174 1.0 10 
1175 1.0 9 
1176 1.0 8 
1177 1.0 9 
1178 1.0 10 
1179 1.0 9 
1180 1.0 10 
1181 1.0 10 
1182 1.0 10 
1183 1.0 8 
1184 1.0 10 
1185 1.0 9 
1186 1.0 10 
1187 1.0 10 
1188 1.0 9 
1189 1.0 9 
1190 1.0 10 
1191 1.0 9 
1192 1.0 9 
1193 1.0 8 
1194 1.0 9 
1195 1.0 10 
1196 1.0 10 
1197 1.0 10 
1198 1.0 9 
1199 1.0 9 
1200 1.0 9 
1201 1.0 10 
1202 1.0 11 
1203 1.0 10 
1204 1.0 9 
1205 1.0 9 
1206 1.0 9 
1207 1.0 9 
1208 1.0 9 
1209 1.0 10 
1210 1.0 9 
1211 1.0 8 
1212 1.0 10 
1213 1.0 8 
1214 1.0 8 
1215 1.0 10 
1216 1.0 9 
1217 1.0 9 
1218 1.0 8 
1219 1.0 10 
1220 1.0 8 
1221 1.0 9 
1222 1.0 9 
1223 1.0 9 
1224 1.0 10 
1225 1.0 9 
1226 1.0 10 
1227 1.0 10 
1228 1.0 10 
1229 1.0 10 
1230 1.0 10 
1231 1.0 8 
1232 1.0 10 
1233 1.0 9 
1234 1.0 9 
1235 1.0 8 
1236 1.0 9 
1237 1.0 9 
1238 1.0 10 
1239 1.0 9 
1240 1.0 9 
1241 1.0 9 
1242 1.0 10 
1243 1.0 10 
1244 1.0 9 
1245 1.0 10 
1246 1.0 9 
1247 1.0 8 
1248 1.0 9 
1249 1.0 9 
1250 1.0 10 
1251 1.0 10 
1252 1.0 9 
1253 1.0 10 
1254 1.0 9 
1255 1.0 9 
1256 1.0 8 
1257 1.0 10 
1258 1.0 10 
1259 1.0 10 
1260 1.0 9 
1261 1.0 10 
1262 1.0 10 
1263 1.0 9 
1264 1.0 9 
1265 1.0 8 
1266 1.0 10 
1267 1.0 10 
1268 1.0 9 
1269 1.0 8 
1270 1.0 10 
1271 1.0 8 
1272 1.0 10 
1273 1.0 9 
1274 1.0 9 
1275 1.0 9 
1276 1.0 9 
1277 1.0 10 
1278 1.0 11 
1279 1.0 10 
1280 1.0 11 
1281 1.0 9 
1282 1.0 9 
1283 1.0 10 
1284 1.0 8 
1285 1.0 10 
1286 1.0 9 
1287 1.0 9 
1288 1.0 10 
1289 1.0 9 
1290 1.0 9 
1291 1.0 10 
1292 1.0 9 
1293 1.0 9 
1294 1.0 9 
1295 1.0 10 
1296 1.0 9 
1297 1.0 10 
1298 1.0 9 
1299 1.0 8 
1300 1.0 10 
1301 1.0 10 
1302 1.0 9 
1303 1.0 10 
1304 1.0 9 
1305 1.0 9 
1306 1.0 10 
1307 1.0 9 
1308 1.0 10 
1309 1.0 10 
1310 1.0 10 
1311 1.0 10 
1312 1.0 9 
1313 1.0 9 
1314 1.0 9 
1315 1.0 10 
1316 1.0 9 
1317 1.0 10 
1318 1.0 9 
1319 1.0 8 
1320 1.0 10 
1321 1.0 9 
1322 1.0 10 
1323 1.0 9 
1324 1.0 9 
1325 1.0 10 
1326 1.0 9 
1327 1.0 9 
1328 1.0 9 
1329 1.0 9 
1330 1.0 10 
1331 1.0 9 
1332 1.0 10 
1333 1.0 10 
1334 1.0 9 
1335 1.0 9 
1336 1.0 10 
1337 1.0 10 
1338 1.0 9 
1339 1.0 10 
1340 1.0 10 
1341 1.0 10 
1342 1.0 10 
1343 1.0 10 
1344 1.0 8 
1345 1.0 9 
1346 1.0 9 
1347 1.0 10 
1348 1.0 9 
1349 1.0 8 
1350 1.0 9 
1351 1.0 9 
1352 1.0 11 
1353 1.0 8 
1354 1.0 10 
1355 1.0 10 
1356 1.0 10 
1357 1.0 9 
1358 1.0 9 
1359 1.0 9 
1360 1.0 9 
1361 1.0 10 
1362 1.0 9 
1363 1.0 9 
1364 1.0 8 
1365 1.0 10 
1366 1.0 9 
1367 1.0 8 
1368 1.0 9 
1369 1.0 9 
1370 1.0 10 
1371 1.0 10 
1372 1.0 9 
1373 1.0 9 
1374 1.0 9 
1375 1.0 9 
1376 1.0 10 
1377 1.0 8 
1378 1.0 10 
1379 1.0 9 
1380 1.0 10 
1381 1.0 10 
1382 1.0 10 
1383 1.0 9 
1384 1.0 10 
1385 1.0 10 
1386 1.0 9 
1387 1.0 9 
1388 1.0 10 
1389 1.0 9 
1390 1.0 9 
1391 1.0 10 
1392 1.0 8 
1393 1.0 10 
1394 1.0 9 
1395 1.0 10 
1396 1.0 8 
1397 1.0 10 
1398 1.0 10 
1399 1.0 9 
1400 1.0 9 
1401 1.0 8 
1402 1.0 8 
1403 1.0 9 
1404 1.0 9 
1405 1.0 10 
1406 1.0 9 
1407 1.0 10 
1408 1.0 8 
1409 1.0 9 
1410 1.0 10 
1411 1.0 9 
1412 1.0 11 
1413 1.0 10 
1414 1.0 10 
1415 1.0 10 
1416 1.0 9 
1417 1.0 10 
1418 1.0 9 
1419 1.0 8 
1420 1.0 11 
1421 1.0 9 
1422 1.0 9 
1423 1.0 9 
1424 1.0 9 
1425 1.0 9 
1426 1.0 10 
1427 1.0 10 
1428 1.0 8 
1429 1.0 10 
1430 1.0 9 
1431 1.0 10 
1432 1.0 10 
1433 1.0 10 
1434 1.0 9 
1435 1.0 9 
1436 1.0 8 
1437 1.0 9 
1438 1.0 9 
1439 1.0 10 
1440 1.0 10 
1441 1.0 9 
1442 1.0 9 
1443 1.0 10 
1444 1.0 10 
1445 1.0 8 
1446 1.0 10 
1447 1.0 9 
1448 1.0 9 
1449 1.0 9 
1450 1.0 8 
1451 1.0 10 
1452 1.0 10 
1453 1.0 10 
1454 1.0 10 
1455 1.0 10 
1456 1.0 9 
1457 1.0 10 
1458 1.0 9 
1459 1.0 9 
1460 1.0 9 
1461 1.0 9 
1462 1.0 10 
1463 1.0 9 
1464 1.0 9 
1465 1.0 9 
1466 1.0 10 
1467 1.0 10 
1468 1.0 10 
1469 1.0 9 
1470 1.0 10 
1471 1.0 10 
1472 1.0 9 
1473 1.0 8 
1474 1.0 9 
1475 1.0 10 
1476 1.0 9 
1477 1.0 9 
1478 1.0 9 
1479 1.0 10 
1480 1.0 10 
1481 1.0 9 
1482 1.0 10 
1483 1.0 8 
1484 1.0 10 
1485 1.0 8 
1486 1.0 10 
1487 1.0 9 
1488 1.0 8 
1489 1.0 9 
1490 1.0 9 
1491 1.0 9 
1492 1.0 9 
1493 1.0 10 
1494 1.0 10 
1495 1.0 9 
1496 1.0 10 
1497 1.0 9 
1498 1.0 9 
1499 1.0 9 
1500 1.0 10 
1501 1.0 10 
1502 1.0 8 
1503 1.0 9 
1504 1.0 9 
1505 1.0 10 
1506 1.0 9 
1507 1.0 10 
1508 1.0 10 
1509 1.0 9 
1510 1.0 9 
1511 1.0 10 
1512 1.0 8 
1513 1.0 9 
1514 1.0 9 
1515 1.0 9 
1516 1.0 9 
1517 1.0 9 
1518 1.0 9 
1519 1.0 8 
1520 1.0 9 
1521 1.0 10 
1522 1.0 10 
1523 1.0 10 
1524 1.0 8 
1525 1.0 8 
1526 1.0 10 
1527 1.0 9 
1528 1.0 10 
1529 1.0 9 
1530 1.0 10 
1531 1.0 9 
1532 1.0 9 
1533 1.0 10 
1534 1.0 9 
1535 1.0 10 
1536 1.0 10 
1537 1.0 10 
1538 1.0 10 
1539 1.0 10 
1540 1.0 10 
1541 1.0 10 
1542 1.0 10 
1543 1.0 9 
1544 1.0 10 
1545 1.0 9 
1546 1.0 10 
1547 1.0 10 
1548 1.0 10 
1549 1.0 8 
1550 1.0 10 
1551 1.0 9 
1552 1.0 9 
1553 1.0 9 
1554 1.0 10 
1555 1.0 10 
1556 1.0 10 
1557 1.0 10 
1558 1.0 9 
1559 1.0 9 
1560 1.0 8 
1561 1.0 10 
1562 1.0 9 
1563 1.0 9 
1564 1.0 10 
1565 1.0 9 
1566 1.0 10 
1567 1.0 11 
1568 1.0 8 
1569 1.0 9 
1570 1.0 10 
1571 1.0 9 
1572 1.0 10 
1573 1.0 9 
1574 1.0 10 
1575 1.0 9 
1576 1.0 9 
1577 1.0 9 
1578 1.0 9 
1579 1.0 10 
1580 1.0 9 
1581 1.0 9 
1582 1.0 10 
1583 1.0 10 
1584 1.0 10 
1585 1.0 9 
1586 1.0 9 
1587 1.0 8 
1588 1.0 10 
1589 1.0 9 
1590 1.0 10 
1591 1.0 9 
1592 1.0 8 
1593 1.0 10 
1594 1.0 10 
1595 1.0 9 
1596 1.0 10 
1597 1.0 10 
1598 1.0 10 
1599 1.0 9 
1600 1.0 10 
1601 1.0 9 
1602 1.0 9 
1603 1.0 10 
1604 1.0 9 
1605 1.0 9 
1606 1.0 9 
1607 1.0 10 
1608 1.0 10 
1609 1.0 10 
1610 1.0 8 
1611 1.0 10 
1612 1.0 10 
1613 1.0 9 
1614 1.0 10 
1615 1.0 8 
1616 1.0 11 
1617 1.0 10 
1618 1.0 8 
1619 1.0 8 
1620 1.0 10 
1621 1.0 9 
1622 1.0 10 
1623 1.0 9 
1624 1.0 10 
1625 1.0 10 
1626 1.0 10 
1627 1.0 8 
1628 1.0 10 
1629 1.0 10 
1630 1.0 8 
1631 1.0 9 
1632 1.0 10 
1633 1.0 9 
1634 1.0 10 
1635 1.0 10 
1636 1.0 8 
1637 1.0 9 
1638 1.0 9 
1639 1.0 10 
1640 1.0 9 
1641 1.0 10 
1642 1.0 8 
1643 1.0 9 
1644 1.0 9 
1645 1.0 10 
1646 1.0 9 
1647 1.0 9 
1648 1.0 10 
1649 1.0 9 
1650 1.0 10 
1651 1.0 9 
1652 1.0 9 
1653 1.0 9 
1654 1.0 9 
1655 1.0 9 
1656 1.0 10 
1657 1.0 10 
1658 1.0 10 
1659 1.0 11 
1660 1.0 8 
1661 1.0 10 
1662 1.0 10 
1663 1.0 9 
1664 1.0 9 
1665 1.0 8 
1666 1.0 10 
1667 1.0 9 
1668 1.0 9 
1669 1.0 10 
1670 1.0 10 
1671 1.0 11 
1672 1.0 9 
1673 1.0 10 
1674 1.0 9 
1675 1.0 10 
1676 1.0 10 
1677 1.0 8 
1678 1.0 10 
1679 1.0 8 
1680 1.0 9 
1681 1.0 9 
1682 1.0 9 
1683 1.0 8 
1684 1.0 10 
1685 1.0 9 
1686 1.0 10 
1687 1.0 10 
1688 1.0 8 
1689 1.0 9 
1690 1.0 8 
1691 1.0 10 
1692 1.0 10 
1693 1.0 9 
1694 1.0 10 
1695 1.0 10 
1696 1.0 8 
1697 1.0 9 
1698 1.0 10 
1699 1.0 10 
1700 1.0 10 
1701 1.0 10 
1702 1.0 8 
1703 1.0 9 
1704 1.0 11 
0 1.0 14 
1 1.0 9 
2 1.0 10 
3 1.0 9 
4 1.0 9 
5 1.0 9 
6 1.0 9 
7 1.0 10 
8 1.0 13 
9 1.0 9 
10 1.0 9 
11 1.0 10 
12 1.0 10 
13 1.0 9 
14 1.0 10 
15 1.0 11 
16 1.0 9 
17 1.0 13 
18 1.0 12 
19 1.0 11 
20 1.0 9 
21 1.0 11 
22 1.0 10 
23 1.0 11 
24 1.0 9 
25 1.0 10 
26 1.0 12 
27 1.0 10 
28 1.0 9 
29 1.0 9 
30 1.0 10 
31 1.0 8 
32 1.0 10 
33 1.0 9 
34 1.0 9 
35 1.0 10 
36 1.0 11 
37 1.0 11 
38 1.0 10 
39 1.0 14 
40 1.0 13 
41 1.0 8 
42 1.0 10 
43 1.0 11 
44 1.0 8 
45 1.0 9 
46 1.0 12 
47 1.0 10 
48 1.0 9 
49 1.0 11 
50 1.0 11 
51 1.0 10 
52 1.0 10 
53 1.0 9 
54 1.0 9 
55 1.0 9 
56 1.0 9 
57 1.0 10 
58 1.0 10 
59 1.0 11 
60 1.0 12 
61 1.0 10 
62 1.0 12 
63 1.0 9 
64 1.0 11 
65 1.0 11 
66 1.0 11 
67 1.0 12 
68 1.0 10 
69 1.0 9 
70 1.0 11 
71 1.0 9 
72 1.0 9 
73 1.0 10 
74 1.0 9 
75 1.0 9 
76 1.0 9 
77 1.0 9 
78 1.0 10 
79 1.0 9 
80 1.0 9 
81 1.0 12 
82 1.0 10 
83 1.0 11 
84 1.0 8 
85 1.0 13 
86 1.0 11 
87 1.0 12 
88 1.0 12 
89 1.0 9 
90 1.0 11 
91 1.0 12 
92 1.0 10 
93 1.0 10 
94 1.0 9 
95 1.0 9 
96 1.0 9 
97 1.0 13 
98 1.0 9 
99 1.0 12 
100 1.0 8 
101 1.0 11 
102 1.0 9 
103 1.0 14 
104 1.0 13 
105 1.0 9 
106 1.0 10 
107 1.0 14 
108 1.0 12 
109 1.0 15 
110 1.0 9 
111 1.0 14 
112 1.0 12 
113 1.0 14 
114 1.0 12 
115 1.0 13 
116 1.0 12 
117 1.0 10 
118 1.0 10 
119 1.0 10 
120 1.0 12 
121 1.0 12 
122 1.0 8 
123 1.0 13 
124 1.0 10 
125 1.0 9 
126 1.0 15 
127 1.0 10 
128 1.0 13 
129 1.0 11 
130 1.0 14 
131 1.0 13 
132 1.0 12 
133 1.0 12 
134 1.0 13 
135 1.0 11 
136 1.0 11 
137 1.0 12 
138 1.0 12 
139 1.0 15 
140 1.0 15 
141 1.0 14 
142 1.0 11 
143 1.0 12 
144 1.0 11 
145 1.0 9 
146 1.0 13 
147 1.0 12 
148 1.0 11 
149 1.0 11 
150 1.0 15 
151 1.0 13 
152 1.0 10 
153 1.0 13 
154 1.0 14 
155 1.0 12 
156 1.0 12 
157 1.0 15 
158 1.0 14 
159 1.0 11 
160 1.0 14 
161 1.0 13 
162 1.0 9 
163 1.0 14 
164 1.0 13 
165 1.0 15 
166 1.0 13 
167 1.0 12 
168 1.0 14 
169 1.0 13 
170 1.0 12 
171 1.0 13 
172 1.0 13 
173 1.0 14 
174 1.0 10 
175 1.0 13 
176 1.0 14 
177 1.0 15 
178 1.0 13 
179 1.0 14 
180 1.0 11 
181 1.0 10 
182 1.0 16 
183 1.0 15 
184 1.0 15 
185 1.0 15 
186 1.0 14 
187 1.0 12 
188 1.0 15 
189 1.0 11 
190 1.0 14 
191 1.0 13 
192 1.0 14 
193 1.0 14 
194 1.0 13 
195 1.0 10 
196 1.0 9 
197 1.0 14 
198 1.0 10 
199 1.0 12 
200 1.0 11 
201 1.0 15 
202 1.0 14 
203 1.0 15 
204 1.0 15 
205 1.0 15 
206 1.0 13 
207 1.0 11 
208 1.0 13 
209 1.0 12 
210 1.0 12 
211 1.0 11 
212 1.0 14 
213 1.0 15 
214 1.0 13 
215 1.0 13 
216 1.0 14 
217 1.0 11 
218 1.0 16 
219 1.0 14 
220 1.0 12 
221 1.0 16 
222 1.0 13 
223 1.0 14 
224 1.0 14 
225 1.0 12 
226 1.0 12 
227 1.0 15 
228 1.0 15 
229 1.0 10 
230 1.0 14 
231 1.0 11 
232 1.0 14 
233 1.0 10 
234 1.0 15 
235 1.0 12 
236 1.0 15 
237 1.0 11 
238 1.0 11 
239 1.0 15 
240 1.0 12 
241 1.0 12 
242 1.0 11 
243 1.0 12 
244 1.0 13 
245 1.0 15 
246 1.0 16 
247 1.0 14 
248 1.0 13 
249 1.0 15 
250 1.0 15 
251 1.0 15 
252 1.0 15 
253 1.0 15 
254 1.0 13 
255 1.0 13 
256 1.0 17 
257 1.0 10 
258 1.0 11 
259 1.0 12 
260 1.0 12 
261 1.0 12 
262 1.0 12 
263 1.0 11 
264 1.0 15 
265 1.0 13 
266 1.0 13 
267 1.0 10 
268 1.0 12 
269 1.0 18 
270 1.0 11 
271 1.0 13 
272 1.0 12 
273 1.0 10 
274 1.0 14 
275 1.0 15 
276 1.0 15 
277 1.0 13 
278 1.0 16 
279 1.0 15 
280 1.0 15 
281 1.0 17 
282 1.0 14 
283 1.0 16 
284 1.0 13 
285 1.0 14 
286 1.0 14 
287 1.0 16 
288 1.0 14 
289 1.0 16 
290 1.0 16 
291 1.0 18 
292 1.0 16 
293 1.0 14 
294 1.0 15 
295 1.0 16 
296 1.0 14 
297 1.0 14 
298 1.0 15 
299 1.0 14 
300 1.0 14 
301 1.0 13 
302 1.0 14 
303 1.0 14 
304 1.0 15 
305 1.0 14 
306 1.0 18 
307 1.0 14 
308 1.0 15 
309 1.0 19 
310 1.0 31 
311 1.0 16 
312 1.0 30 
313 1.0 31 
314 1.0 27 
315 1.0 25 
316 1.0 22 
317 1.0 31 
318 1.0 9 
319 1.0 9 
320 1.0 10 
321 1.0 9 
322 1.0 9 
323 1.0 10 
324 1.0 10 
325 1.0 8 
326 1.0 9 
327 1.0 9 
328 1.0 10 
329 1.0 10 
330 1.0 9 
331 1.0 11 
332 1.0 9 
333 1.0 9 
334 1.0 10 
335 1.0 10 
336 1.0 10 
337 1.0 10 
338 1.0 9 
339 1.0 10 
340 1.0 9 
341 1.0 10 
342 1.0 8 
343 1.0 10 
344 1.0 10 
345 1.0 9 
346 1.0 9 
347 1.0 9 
348 1.0 9 
349 1.0 10 
350 1.0 8 
351 1.0 9 
352 1.0 8 
353 1.0 10 
354 1.0 11 
355 1.0 9 
356 1.0 10 
357 1.0 8 
358 1.0 10 
359 1.0 10 
360 1.0 10 
361 1.0 10 
362 1.0 9 
363 1.0 10 
364 1.0 10 
365 1.0 8 
366 1.0 9 
367 1.0 9 
368 1.0 8 
369 1.0 9 
370 1.0 10 
371 1.0 8 
372 1.0 9 
373 1.0 10 
374 1.0 26 
375 1.0 10 
376 1.0 10 
377 1.0 8 
378 1.0 23 
379 1.0 10 
380 1.0 9 
381 1.0 10 
382 1.0 11 
383 1.0 10 
384 1.0 9 
385 1.0 10 
386 1.0 9 
387 1.0 8 
388 1.0 9 
389 1.0 10 
390 1.0 9 
391 1.0 25 
392 1.0 12 
393 1.0 9 
394 1.0 22 
395 1.0 8 
396 1.0 8 
397 1.0 10 
398 1.0 28 
399 1.0 28 
400 1.0 21 
401 1.0 26 
402 1.0 9 
403 1.0 25 
404 1.0 8 
405 1.0 21 
406 1.0 10 
407 1.0 26 
408 1.0 16 
409 1.0 28 
410 1.0 11 
411 1.0 24 
412 1.0 27 
413 1.0 20 
414 1.0 26 
415 1.0 18 
416 1.0 23 
417 1.0 15 
418 1.0 18 
419 1.0 17 
420 1.0 27 
421 1.0 26 
422 1.0 20 
423 1.0 20 
424 1.0 26 
425 1.0 20 
426 1.0 27 
427 1.0 30 
428 1.0 24 
429 1.0 24 
430 1.0 26 
431 1.0 21 
432 1.0 28 
433 1.0 24 
434 1.0 18 
435 1.0 32 
436 1.0 23 
437 1.0 28 
438 1.0 17 
439 1.0 13 
440 1.0 15 
441 1.0 15 
442 1.0 30 
443 1.0 21 
444 1.0 30 
445 1.0 27 
446 1.0 28 
447 1.0 25 
448 1.0 17 
449 1.0 14 
450 1.0 15 
451 1.0 21 
452 1.0 24 
453 1.0 26 
454 1.0 21 
455 1.0 22 
456 1.0 25 
457 1.0 15 
458 1.0 28 
459 1.0 23 
460 1.0 23 
461 1.0 25 
462 1.0 18 
463 1.0 28 
464 1.0 27 
465 1.0 32 
466 1.0 24 
467 1.0 28 
468 1.0 30 
469 1.0 26 
470 1.0 18 
471 1.0 18 
472 1.0 27 
473 1.0 24 
474 1.0 28 
475 1.0 26 
476 1.0 29 
477 1.0 27 
478 1.0 29 
479 1.0 23 
480 1.0 25 
481 1.0 25 
482 1.0 27 
483 1.0 26 
484 1.0 22 
485 1.0 24 
486 1.0 15 
487 1.0 18 
488 1.0 21 
489 1.0 23 
490 1.0 26 
491 1.0 24 
492 1.0 28 
493 1.0 24 
494 1.0 19 
495 1.0 17 
496 1.0 25 
497 1.0 26 
498 1.0 24 
499 1.0 19 
500 1.0 18 
501 1.0 15 
502 1.0 23 
503 1.0 22 
504 1.0 18 
505 1.0 27 
506 1.0 15 
507 1.0 15 
508 1.0 27 
509 1.0 26 
510 1.0 22 
511 1.0 27 
512 1.0 20 
513 1.0 25 
514 1.0 30 
515 1.0 25 
516 1.0 26 
517 1.0 28 
518 1.0 24 
519 1.0 23 
520 1.0 21 
521 1.0 23 
522 1.0 21 
523 1.0 17 
524 1.0 18 
525 1.0 23 
526 1.0 29 
527 1.0 22 
528 1.0 23 
529 1.0 20 
530 1.0 20 
531 1.0 15 
532 1.0 26 
533 1.0 22 
534 1.0 27 
535 1.0 26 
536 1.0 29 
537 1.0 22 
538 1.0 23 
539 1.0 25 
540 1.0 18 
541 1.0 19 
542 1.0 20 
543 1.0 25 
544 1.0 20 
545 1.0 22 
546 1.0 12 
547 1.0 27 
548 1.0 21 
549 1.0 24 
550 1.0 17 
551 1.0 24 
552 1.0 25 
553 1.0 27 
554 1.0 27 
555 1.0 20 
556 1.0 22 
557 1.0 26 
558 1.0 27 
559 1.0 24 
560 1.0 23 
561 1.0 21 
562 1.0 17 
563 1.0 14 
564 1.0 22 
565 1.0 20 
566 1.0 17 
567 1.0 22 
568 1.0 19 
569 1.0 24 
570 1.0 18 
571 1.0 17 
572 1.0 24 
573 1.0 14 
574 1.0 18 
575 1.0 24 
576 1.0 22 
577 1.0 20 
578 1.0 27 
579 1.0 20 
580 1.0 10 
581 1.0 21 
582 1.0 25 
583 1.0 26 
584 1.0 23 
585 1.0 23 
586 1.0 22 
587 1.0 19 
588 1.0 9 
589 1.0 18 
590 1.0 23 
591 1.0 19 
592 1.0 18 
593 1.0 21 
594 1.0 20 
595 1.0 26 
596 1.0 22 
597 1.0 22 
598 1.0 20 
599 1.0 25 
600 1.0 25 
601 1.0 22 
602 1.0 21 
603 1.0 17 
604 1.0 20 
605 1.0 20 
606 1.0 24 
607 1.0 21 
608 1.0 19 
609 1.0 25 
610 1.0 26 
611 1.0 28 
612 1.0 26 
613 1.0 23 
614 1.0 25 
615 1.0 24 
616 1.0 24 
617 1.0 28 
618 1.0 26 
619 1.0 21 
620 1.0 21 
621 1.0 20 
622 1.0 22 
623 1.0 24 
624 1.0 22 
625 1.0 23 
626 1.0 23 
627 1.0 24 
628 1.0 21 
629 1.0 26 
630 1.0 12 
631 1.0 26 
632 1.0 18 
633 1.0 15 
634 1.0 22 
635 1.0 23 
636 1.0 16 
637 1.0 22 
638 1.0 22 
639 1.0 44 
640 1.0 26 
641 1.0 23 
642 1.0 24 
643 1.0 23 
644 1.0 21 
645 1.0 18 
646 1.0 23 
647 1.0 21 
648 1.0 25 
649 1.0 16 
650 1.0 27 
651 1.0 19 
652 1.0 22 
653 1.0 23 
654 1.0 24 
655 1.0 10 
656 1.0 19 
657 1.0 19 
658 1.0 15 
659 1.0 25 
660 1.0 22 
661 1.0 20 
662 1.0 22 
663 1.0 22 
664 1.0 23 
665 1.0 21 
666 1.0 18 
667 1.0 20 
668 1.0 20 
669 1.0 14 
670 1.0 21 
671 1.0 18 
672 1.0 20 
673 1.0 19 
674 1.0 21 
675 1.0 24 
676 1.0 22 
677 1.0 20 
678 1.0 10 
679 1.0 23 
680 1.0 20 
681 1.0 17 
682 1.0 17 
683 1.0 13 
684 1.0 23 
685 1.0 22 
686 1.0 13 
687 1.0 22 
688 1.0 23 
689 1.0 25 
690 1.0 26 
691 1.0 14 
692 1.0 26 
693 1.0 24 
694 1.0 30 
695 1.0 24 
696 1.0 26 
697 1.0 20 
698 1.0 26 
699 1.0 23 
700 1.0 20 
701 1.0 19 
702 1.0 29 
703 1.0 20 
704 1.0 24 
705 1.0 23 
706 1.0 27 
707 1.0 24 
708 1.0 22 
709 1.0 23 
710 1.0 26 
711 1.0 25 
712 1.0 27 
713 1.0 23 
714 1.0 22 
715 1.0 23 
716 1.0 27 
717 1.0 27 
718 1.0 23 
719 1.0 24 
720 1.0 23 
721 1.0 18 
722 1.0 10 
723 1.0 19 
724 1.0 25 
725 1.0 27 
726 1.0 23 
727 1.0 24 
728 1.0 21 
729 1.0 27 
730 1.0 26 
731 1.0 22 
732 1.0 21 
733 1.0 23 
734 1.0 24 
735 1.0 26 
736 1.0 27 
737 1.0 21 
738 1.0 21 
739 1.0 24 
740 1.0 23 
741 1.0 23 
742 1.0 23 
743 1.0 22 
744 1.0 27 
745 1.0 22 
746 1.0 29 
747 1.0 23 
748 1.0 31 
749 1.0 26 
750 1.0 27 
751 1.0 20 
752 1.0 27 
753 1.0 23 
754 1.0 25 
755 1.0 25 
756 1.0 22 
757 1.0 29 
758 1.0 22 
759 1.0 28 
760 1.0 24 
761 1.0 27 
762 1.0 22 
763 1.0 28 
764 1.0 26 
765 1.0 28 
766 1.0 23 
767 1.0 21 
768 1.0 24 
769 1.0 25 
770 1.0 24 
771 1.0 27 
772 1.0 29 
773 1.0 30 
774 1.0 23 
775 1.0 26 
776 1.0 32 
777 1.0 25 
778 1.0 24 
779 1.0 24 
780 1.0 29 
781 1.0 27 
782 1.0 21 
783 1.0 26 
784 1.0 25 
785 1.0 22 
786 1.0 26 
787 1.0 23 
788 1.0 22 
789 1.0 22 
790 1.0 26 
791 1.0 26 
792 1.0 26 
793 1.0 27 
794 1.0 24 
795 1.0 26 
796 1.0 24 
797 1.0 21 
798 1.0 28 
799 1.0 20 
800 1.0 23 
801 1.0 32 
802 1.0 25 
803 1.0 23 
804 1.0 24 
805 1.0 25 
806 1.0 21 
807 1.0 27 
808 1.0 26 
809 1.0 22 
810 1.0 27 
811 1.0 24 
812 1.0 23 
813 1.0 23 
814 1.0 23 
815 1.0 23 
816 1.0 21 
817 1.0 25 
818 1.0 25 
819 1.0 20 
820 1.0 29 
821 1.0 21 
822 1.0 25 
823 1.0 24 
824 1.0 24 
825 1.0 26 
826 1.0 26 
827 1.0 24 
828 1.0 27 
829 1.0 23 
830 1.0 23 
831 1.0 24 
832 1.0 26 
833 1.0 28 
834 1.0 24 
835 1.0 26 
836 1.0 23 
837 1.0 27 
838 1.0 22 
839 1.0 32 
840 1.0 29 
841 1.0 27 
842 1.0 23 
843 1.0 21 
844 1.0 28 
845 1.0 28 
846 1.0 28 
847 1.0 24 
848 1.0 22 
849 1.0 25 
850 1.0 24 
851 1.0 22 
852 1.0 22 
853 1.0 20 
854 1.0 29 
855 1.0 24 
856 1.0 23 
857 1.0 30 
858 1.0 29 
859 1.0 31 
860 1.0 27 
861 1.0 23 
862 1.0 27 
863 1.0 31 
864 1.0 29 
865 1.0 26 
866 1.0 22 
867 1.0 27 
868 1.0 24 
869 1.0 33 
870 1.0 30 
871 1.0 29 
872 1.0 29 
873 1.0 30 
874 1.0 30 
875 1.0 32 
876 1.0 31 
877 1.0 26 
878 1.0 28 
879 1.0 29 
880 1.0 28 
881 1.0 22 
882 1.0 25 
883 1.0 23 
884 1.0 30 
885 1.0 28 
886 1.0 31 
887 1.0 31 
888 1.0 26 
889 1.0 106 
890 1.0 31 
891 1.0 32 
892 1.0 105 
893 1.0 28 
894 1.0 69 
895 1.0 22 
896 1.0 24 
897 1.0 25 
898 1.0 24 
899 1.0 28 
900 1.0 27 
901 1.0 32 
902 1.0 29 
903 1.0 79 
904 1.0 29 
905 1.0 29 
906 1.0 25 
907 1.0 28 
908 1.0 28 
909 1.0 38 
910 1.0 30 
911 1.0 39 
912 1.0 32 
913 1.0 31 
914 1.0 29 
915 1.0 33 
916 1.0 30 
917 1.0 28 
918 1.0 42 
919 1.0 30 
920 1.0 25 
921 1.0 36 
922 1.0 31 
923 1.0 29 
924 1.0 28 
925 1.0 29 
926 1.0 30 
927 1.0 23 
928 1.0 31 
929 1.0 32 
930 1.0 25 
931 1.0 33 
932 1.0 29 
933 1.0 24 
934 1.0 25 
935 1.0 24 
936 1.0 25 
937 1.0 27 
938 1.0 35 
939 1.0 30 
940 1.0 30 
941 1.0 27 
942 1.0 30 
943 1.0 30 
944 1.0 27 
945 1.0 27 
946 1.0 25 
947 1.0 20 
948 1.0 30 
949 1.0 20 
950 1.0 27 
951 1.0 37 
952 1.0 25 
953 1.0 30 
954 1.0 28 
955 1.0 29 
956 1.0 26 
957 1.0 26 
958 1.0 31 
959 1.0 27 
960 1.0 23 
961 1.0 25 
962 1.0 26 
963 1.0 27 
964 1.0 31 
965 1.0 27 
966 1.0 33 
967 1.0 31 
968 1.0 29 
969 1.0 29 
970 1.0 35 
971 1.0 27 
972 1.0 112 
973 1.0 34 
974 1.0 27 
975 1.0 32 
976 1.0 28 
977 1.0 34 
978 1.0 33 
979 1.0 83 
980 1.0 31 
981 1.0 30 
982 1.0 27 
983 1.0 24 
984 1.0 33 
985 1.0 34 
986 1.0 23 
987 1.0 37 
988 1.0 38 
989 1.0 30 
990 1.0 21 
991 1.0 76 
992 1.0 27 
993 1.0 31 
994 1.0 28 
995 1.0 27 
996 1.0 27 
997 1.0 31 
998 1.0 81 
999 1.0 33 
1000 1.0 30 
1001 1.0 77 
1002 1.0 28 
1003 1.0 34 
1004 1.0 34 
1005 1.0 36 
1006 1.0 31 
1007 1.0 32 
1008 1.0 36 
1009 1.0 37 
1010 1.0 38 
1011 1.0 41 
1012 1.0 71 
1013 1.0 38 
1014 1.0 32 
1015 1.0 39 
1016 1.0 82 
1017 1.0 35 
1018 1.0 33 
1019 1.0 36 
1020 1.0 46 
1021 1.0 86 
1022 1.0 43 
1023 1.0 47 
1024 1.0 31 
1025 1.0 75 
1026 1.0 38 
1027 1.0 34 
1028 1.0 36 
1029 1.0 62 
1030 1.0 34 
1031 1.0 81 
1032 1.0 30 
1033 1.0 35 
1034 1.0 30 
1035 1.0 46 
1036 1.0 30 
1037 1.0 137 
1038 1.0 97 
1039 1.0 39 
1040 1.0 68 
1041 1.0 41 
1042 1.0 29 
1043 1.0 26 
1044 1.0 34 
1045 1.0 70 
1046 1.0 141 
1047 1.0 85 
1048 1.0 93 
1049 1.0 85 
1050 1.0 26 
1051 1.0 119 
1052 1.0 87 
1053 1.0 67 
1054 1.0 82 
1055 1.0 40 
1056 1.0 32 
1057 1.0 86 
1058 1.0 79 
1059 1.0 33 
1060 1.0 32 
1061 1.0 57 
1062 1.0 36 
1063 1.0 40 
1064 1.0 41 
1065 1.0 80 
1066 1.0 40 
1067 1.0 39 
1068 1.0 89 
1069 1.0 70 
1070 1.0 108 
1071 1.0 88 
1072 1.0 45 
1073 1.0 63 
1074 1.0 44 
1075 1.0 52 
1076 1.0 93 
1077 1.0 168 
1078 1.0 91 
1079 1.0 44 
1080 1.0 75 
1081 1.0 59 
1082 1.0 37 
1083 1.0 52 
1084 1.0 39 
1085 1.0 45 
1086 1.0 82 
1087 1.0 86 
1088 1.0 42 
1089 1.0 60 
1090 1.0 68 
1091 1.0 50 
1092 1.0 64 
1093 1.0 41 
1094 1.0 76 
1095 1.0 80 
1096 1.0 65 
1097 1.0 55 
1098 1.0 65 
1099 1.0 50 
1100 1.0 49 
1101 1.0 108 
1102 1.0 107 
1103 1.0 49 
1104 1.0 75 
1105 1.0 68 
1106 1.0 84 
1107 1.0 55 
1108 1.0 57 
1109 1.0 69 
1110 1.0 40 
1111 1.0 49 
1112 1.0 36 
1113 1.0 57 
1114 1.0 55 
1115 1.0 69 
1116 1.0 67 
1117 1.0 62 
1118 1.0 48 
1119 1.0 59 
1120 1.0 47 
1121 1.0 93 
1122 1.0 41 
1123 1.0 47 
1124 1.0 103 
1125 1.0 70 
1126 1.0 63 
1127 1.0 78 
1128 1.0 57 
1129 1.0 74 
1130 1.0 75 
1131 1.0 94 
1132 1.0 68 
1133 1.0 63 
1134 1.0 70 
1135 1.0 41 
1136 1.0 51 
1137 1.0 88 
1138 1.0 49 
1139 1.0 45 
1140 1.0 47 
1141 1.0 38 
1142 1.0 44 
1143 1.0 57 
1144 1.0 53 
1145 1.0 58 
1146 1.0 51 
1147 1.0 83 
1148 1.0 62 
1149 1.0 150 
1150 1.0 89 
1151 1.0 84 
1152 1.0 109 
1153 1.0 36 
1154 1.0 71 
1155 1.0 91 
1156 1.0 58 
1157 1.0 72 
1158 1.0 69 
1159 1.0 71 
1160 1.0 72 
1161 1.0 60 
1162 1.0 84 
1163 1.0 154 
1164 1.0 83 
1165 1.0 106 
1166 1.0 97 
1167 1.0 71 
1168 1.0 45 
1169 1.0 58 
1170 1.0 81 
1171 1.0 88 
1172 1.0 84 
1173 1.0 109 
1174 1.0 74 
1175 1.0 109 
1176 1.0 112 
1177 1.0 114 
1178 1.0 110 
1179 1.0 65 
1180 1.0 141 
1181 1.0 104 
1182 1.0 117 
1183 1.0 90 
1184 1.0 95 
1185 1.0 105 
1186 1.0 95 
1187 1.0 127 
1188 1.0 136 
1189 1.0 99 
1190 1.0 106 
1191 1.0 70 
1192 1.0 72 
1193 1.0 96 
1194 1.0 82 
1195 1.0 89 
1196 1.0 86 
1197 1.0 84 
1198 1.0 90 
1199 1.0 111 
1200 1.0 78 
1201 1.0 81 
1202 1.0 73 
1203 1.0 156 
1204 1.0 85 
1205 1.0 70 
1206 1.0 82 
1207 1.0 82 
1208 1.0 61 
1209 1.0 121 
1210 1.0 53 
1211 1.0 76 
1212 1.0 78 
1213 1.0 117 
1214 1.0 91 
1215 1.0 116 
1216 1.0 65 
1217 1.0 68 
1218 1.0 89 
1219 1.0 91 
1220 1.0 88 
1221 1.0 111 
1222 1.0 100 
1223 1.0 72 
1224 1.0 98 
1225 1.0 111 
1226 1.0 117 
1227 1.0 106 
1228 1.0 80 
1229 1.0 180 
1230 1.0 122 
1231 1.0 126 
1232 1.0 113 
1233 1.0 110 
1234 1.0 126 
1235 1.0 143 
1236 1.0 99 
1237 1.0 136 
1238 1.0 155 
1239 1.0 127 
1240 1.0 95 
1241 1.0 91 
1242 1.0 97 
1243 1.0 116 
1244 1.0 90 
1245 1.0 71 
1246 1.0 101 
1247 1.0 59 
1248 1.0 58 
1249 1.0 71 
1250 1.0 144 
1251 1.0 117 
1252 1.0 97 
1253 1.0 106 
1254 1.0 98 
1255 1.0 76 
1256 1.0 83 
1257 1.0 104 
1258 1.0 132 
1259 1.0 100 
1260 1.0 86 
1261 1.0 66 
1262 1.0 81 
1263 1.0 123 
1264 1.0 147 
1265 1.0 89 
1266 1.0 100 
1267 1.0 97 
1268 1.0 96 
1269 1.0 92 
1270 1.0 84 
1271 1.0 112 
1272 1.0 87 
1273 1.0 106 
1274 1.0 102 
1275 1.0 101 
1276 1.0 85 
1277 1.0 87 
1278 1.0 104 
1279 1.0 87 
1280 1.0 70 
1281 1.0 89 
1282 1.0 85 
1283 1.0 66 
1284 1.0 107 
1285 1.0 151 
1286 1.0 93 
1287 1.0 129 
1288 1.0 101 
1289 1.0 102 
1290 1.0 101 
1291 1.0 108 
1292 1.0 95 
1293 1.0 112 
1294 1.0 94 
1295 1.0 88 
1296 1.0 170 
1297 1.0 108 
1298 1.0 137 
1299 1.0 106 
1300 1.0 110 
1301 1.0 106 
1302 1.0 92 
1303 1.0 187 
1304 1.0 132 
1305 1.0 158 
1306 1.0 164 
1307 1.0 113 
1308 1.0 176 
1309 1.0 135 
1310 1.0 130 
1311 1.0 127 
1312 1.0 143 
1313 1.0 127 
1314 1.0 102 
1315 1.0 115 
1316 1.0 122 
1317 1.0 135 
1318 1.0 153 
1319 1.0 114 
1320 1.0 168 
1321 1.0 149 
1322 1.0 261 
1323 1.0 219 
1324 1.0 98 
1325 1.0 130 
1326 1.0 129 
1327 1.0 195 
1328 1.0 188 
1329 1.0 135 
1330 1.0 144 
1331 1.0 151 
1332 1.0 178 
1333 1.0 135 
1334 1.0 176 
1335 1.0 141 
1336 1.0 126 
1337 1.0 235 
1338 1.0 171 
1339 1.0 194 
1340 1.0 169 
1341 1.0 156 
1342 1.0 180 
1343 1.0 99 
1344 1.0 95 
1345 1.0 405 
1346 1.0 147 
1347 1.0 150 
1348 1.0 177 
1349 1.0 129 
1350 1.0 139 
1351 1.0 163 
1352 1.0 114 
1353 1.0 133 
1354 1.0 197 
1355 1.0 200 
1356 1.0 133 
1357 1.0 267 
1358 1.0 175 
1359 1.0 221 
1360 1.0 190 
1361 1.0 100 
1362 1.0 182 
1363 1.0 196 
1364 1.0 55 
1365 1.0 192 
1366 1.0 206 
1367 1.0 162 
1368 1.0 132 
1369 1.0 173 
1370 1.0 180 
1371 1.0 52 
1372 1.0 111 
1373 1.0 168 
1374 1.0 134 
1375 1.0 174 
1376 1.0 106 
1377 1.0 155 
1378 1.0 58 
1379 1.0 192 
1380 1.0 58 
1381 1.0 129 
1382 1.0 108 
1383 1.0 135 
1384 1.0 130 
1385 1.0 144 
1386 1.0 123 
1387 1.0 110 
1388 1.0 126 
1389 1.0 122 
1390 1.0 131 
1391 1.0 108 
1392 1.0 97 
1393 1.0 84 
1394 1.0 130 
1395 1.0 111 
1396 1.0 115 
1397 1.0 105 
1398 1.0 118 
1399 1.0 138 
1400 1.0 150 
1401 1.0 101 
1402 1.0 150 
1403 1.0 150 
1404 1.0 141 
1405 1.0 134 
1406 1.0 118 
1407 1.0 138 
1408 1.0 123 
1409 1.0 120 
1410 1.0 127 
1411 1.0 117 
1412 1.0 95 
1413 1.0 114 
1414 1.0 95 
1415 1.0 132 
1416 1.0 102 
1417 1.0 124 
1418 1.0 96 
1419 1.0 104 
1420 1.0 75 
1421 1.0 111 
1422 1.0 103 
1423 1.0 125 
1424 1.0 116 
1425 1.0 63 
1426 1.0 105 
1427 1.0 229 
1428 1.0 138 
1429 1.0 137 
1430 1.0 180 
1431 1.0 135 
1432 1.0 172 
1433 1.0 162 
1434 1.0 155 
1435 1.0 179 
1436 1.0 198 
1437 1.0 198 
1438 1.0 125 
1439 1.0 134 
1440 1.0 196 
1441 1.0 235 
1442 1.0 151 
1443 1.0 126 
1444 1.0 197 
1445 1.0 152 
1446 1.0 196 
1447 1.0 220 
1448 1.0 170 
1449 1.0 184 
1450 1.0 309 
1451 1.0 214 
1452 1.0 160 
1453 1.0 386 
1454 1.0 174 
1455 1.0 274 
1456 1.0 213 
1457 1.0 217 
1458 1.0 186 
1459 1.0 244 
1460 1.0 194 
1461 1.0 261 
1462 1.0 290 
1463 1.0 205 
1464 1.0 219 
1465 1.0 182 
1466 1.0 179 
1467 1.0 347 
1468 1.0 252 
1469 1.0 170 
1470 1.0 422 
1471 1.0 236 
1472 1.0 254 
1473 1.0 424 
1474 1.0 257 
1475 1.0 421 
1476 1.0 201 
1477 1.0 122 
1478 1.0 302 
1479 1.0 237 
1480 1.0 295 
1481 1.0 259 
1482 1.0 205 
1483 1.0 450 
1484 1.0 214 
1485 1.0 235 
1486 1.0 208 
1487 1.0 258 
1488 1.0 137 
1489 1.0 130 
1490 1.0 194 
1491 1.0 273 
1492 1.0 163 
1493 1.0 164 
1494 1.0 219 
1495 1.0 251 
1496 1.0 269 
1497 1.0 285 
1498 1.0 165 
1499 1.0 131 
1500 1.0 358 
1501 1.0 167 
1502 1.0 340 
1503 1.0 293 
1504 1.0 339 
1505 1.0 256 
1506 1.0 334 
1507 1.0 228 
1508 1.0 200 
1509 1.0 269 
1510 1.0 267 
1511 1.0 489 
1512 1.0 264 
1513 1.0 142 
1514 1.0 275 
1515 1.0 317 
1516 1.0 266 
1517 1.0 304 
1518 1.0 240 
1519 1.0 224 
1520 1.0 268 
1521 1.0 500 
1522 1.0 276 
1523 1.0 327 
1524 1.0 210 
1525 1.0 223 
1526 1.0 290 
1527 1.0 245 
1528 1.0 445 
1529 1.0 368 
1530 1.0 339 
1531 1.0 162 
1532 1.0 160 
1533 1.0 245 
1534 1.0 274 
1535 1.0 228 
1536 1.0 235 
1537 1.0 119 
1538 1.0 205 
1539 1.0 253 
1540 1.0 230 
1541 1.0 151 
1542 1.0 142 
1543 1.0 500 
1544 1.0 280 
1545 1.0 141 
1546 1.0 334 
1547 1.0 418 
1548 1.0 344 
1549 1.0 28 
1550 1.0 78 
1551 1.0 66 
1552 1.0 46 
1553 1.0 72 
1554 1.0 50 
1555 1.0 321 
1556 1.0 239 
1557 1.0 94 
1558 1.0 363 
1559 1.0 178 
1560 1.0 74 
1561 1.0 464 
1562 1.0 64 
1563 1.0 143 
1564 1.0 331 
1565 1.0 190 
1566 1.0 213 
1567 1.0 500 
1568 1.0 170 
1569 1.0 155 
1570 1.0 177 
1571 1.0 225 
1572 1.0 102 
1573 1.0 73 
1574 1.0 240 
1575 1.0 153 
1576 1.0 131 
1577 1.0 157 
1578 1.0 11 
1579 1.0 209 
1580 1.0 93 
1581 1.0 90 
1582 1.0 101 
1583 1.0 104 
1584 1.0 116 
1585 1.0 128 
1586 1.0 115 
1587 1.0 146 
1588 1.0 121 
1589 1.0 214 
1590 1.0 90 
1591 1.0 179 
1592 1.0 117 
1593 1.0 114 
1594 1.0 89 
1595 1.0 500 
1596 1.0 152 
1597 1.0 164 
1598 1.0 370 
1599 1.0 346 
1600 1.0 140 
1601 1.0 154 
1602 1.0 462 
1603 1.0 170 
1604 1.0 129 
1605 1.0 208 
1606 1.0 194 
1607 1.0 154 
1608 1.0 179 
1609 1.0 147 
1610 1.0 107 
1611 1.0 124 
1612 1.0 132 
1613 1.0 500 
1614 1.0 156 
1615 1.0 202 
1616 1.0 175 
1617 1.0 218 
1618 1.0 500 
1619 1.0 203 
1620 1.0 149 
1621 1.0 208 
1622 1.0 25 
1623 1.0 10 
1624 1.0 35 
1625 1.0 10 
1626 1.0 500 
1627 1.0 163 
1628 1.0 45 
1629 1.0 60 
1630 1.0 163 
1631 1.0 142 
1632 1.0 102 
1633 1.0 174 
1634 1.0 111 
1635 1.0 132 
1636 1.0 116 
1637 1.0 115 
1638 1.0 125 
1639 1.0 151 
1640 1.0 264 
1641 1.0 136 
1642 1.0 157 
1643 1.0 158 
1644 1.0 119 
1645 1.0 104 
1646 1.0 114 
1647 1.0 147 
1648 1.0 152 
1649 1.0 500 
1650 1.0 123 
1651 1.0 192 
1652 1.0 133 
1653 1.0 76 
1654 1.0 164 
1655 1.0 248 
1656 1.0 181 
1657 1.0 149 
1658 1.0 141 
1659 1.0 152 
1660 1.0 274 
1661 1.0 124 
1662 1.0 280 
1663 1.0 68 
1664 1.0 114 
1665 1.0 103 
1666 1.0 87 
1667 1.0 93 
1668 1.0 132 
1669 1.0 78 
1670 1.0 123 
1671 1.0 149 
1672 1.0 91 
1673 1.0 120 
1674 1.0 144 
1675 1.0 76 
1676 1.0 141 
1677 1.0 185 
1678 1.0 183 
1679 1.0 144 
1680 1.0 211 
1681 1.0 144 
1682 1.0 152 
1683 1.0 232 
1684 1.0 294 
1685 1.0 264 
1686 1.0 223 
1687 1.0 265 
1688 1.0 160 
1689 1.0 109 
1690 1.0 108 
1691 1.0 94 
1692 1.0 132 
1693 1.0 265 
1694 1.0 114 
1695 1.0 100 
1696 1.0 430 
1697 1.0 404 
1698 1.0 384 
1699 1.0 121 
1700 1.0 87 
1701 1.0 136 
1702 1.0 459 
1703 1.0 146 
1704 1.0 79 
1705 1.0 132 
1706 1.0 430 
1707 1.0 123 
1708 1.0 27 
1709 1.0 123 
1710 1.0 500 
1711 1.0 153 
1712 1.0 176 
1713 1.0 132 
1714 1.0 216 
1715 1.0 62 
1716 1.0 116 
1717 1.0 91 
1718 1.0 97 
1719 1.0 125 
1720 1.0 112 
1721 1.0 92 
1722 1.0 92 
1723 1.0 85 
1724 1.0 68 
1725 1.0 97 
1726 1.0 123 
1727 1.0 152 
1728 1.0 138 
1729 1.0 100 
1730 1.0 483 
1731 1.0 169 
1732 1.0 283 
1733 1.0 95 
1734 1.0 99 
1735 1.0 160 
1736 1.0 254 
1737 1.0 197 
1738 1.0 267 
1739 1.0 180 
1740 1.0 234 
1741 1.0 144 
1742 1.0 279 
1743 1.0 146 
1744 1.0 390 
1745 1.0 312 
1746 1.0 136 
1747 1.0 256 
1748 1.0 125 
1749 1.0 230 
1750 1.0 500 
1751 1.0 98 
1752 1.0 419 
1753 1.0 387 
1754 1.0 66 
1755 1.0 338 
1756 1.0 64 
1757 1.0 72 
1758 1.0 344 
1759 1.0 229 
1760 1.0 166 
1761 1.0 139 
1762 1.0 252 
1763 1.0 144 
1764 1.0 78 
1765 1.0 365 
1766 1.0 66 
1767 1.0 72 
1768 1.0 416 
1769 1.0 106 
1770 1.0 249 
1771 1.0 121 
1772 1.0 228 
1773 1.0 500 
1774 1.0 64 
1775 1.0 86 
1776 1.0 500 
1777 1.0 129 
1778 1.0 299 
1779 1.0 167 
1780 1.0 207 
1781 1.0 500 
1782 1.0 61 
1783 1.0 215 
1784 1.0 281 
1785 1.0 500 
1786 1.0 227 
1787 1.0 500 
1788 1.0 126 
1789 1.0 500 
1790 1.0 147 
1791 1.0 500 
1792 1.0 500 
1793 1.0 108 
1794 1.0 200 
1795 1.0 9 
1796 1.0 87 
1797 1.0 137 
1798 1.0 276 
1799 1.0 127 
1800 1.0 273 
1801 1.0 500 
1802 1.0 198 
1803 1.0 204 
1804 1.0 256 
1805 1.0 184 
1806 1.0 249 
1807 1.0 289 
1808 1.0 500 
1809 1.0 291 
1810 1.0 276 
1811 1.0 500 
1812 1.0 117 
1813 1.0 500 
1814 1.0 500 
1815 1.0 204 
1816 1.0 378 
1817 1.0 232 
1818 1.0 469 
1819 1.0 219 
1820 1.0 462 
1821 1.0 250 
1822 1.0 194 
1823 1.0 187 
1824 1.0 139 
1825 1.0 122 
1826 1.0 117 
1827 1.0 116 
1828 1.0 122 
1829 1.0 115 
1830 1.0 141 
1831 1.0 191 
1832 1.0 84 
1833 1.0 130 
1834 1.0 88 
1835 1.0 155 
1836 1.0 293 
1837 1.0 500 
1838 1.0 323 
1839 1.0 133 
1840 1.0 146 
1841 1.0 83 
1842 1.0 145 
1843 1.0 148 
1844 1.0 157 
1845 1.0 129 
1846 1.0 130 
1847 1.0 253 
1848 1.0 175 
1849 1.0 157 
1850 1.0 313 
1851 1.0 267 
1852 1.0 106 
1853 1.0 69 
1854 1.0 61 
1855 1.0 90 
1856 1.0 83 
1857 1.0 41 
1858 1.0 50 
1859 1.0 107 
1860 1.0 66 
1861 1.0 53 
1862 1.0 62 
1863 1.0 50 
1864 1.0 70 
1865 1.0 52 
1866 1.0 103 
1867 1.0 223 
1868 1.0 121 
1869 1.0 82 
1870 1.0 63 
1871 1.0 94 
1872 1.0 81 
1873 1.0 105 
1874 1.0 56 
1875 1.0 78 
1876 1.0 85 
1877 1.0 53 
1878 1.0 82 
1879 1.0 86 
1880 1.0 117 
1881 1.0 98 
1882 1.0 78 
1883 1.0 123 
1884 1.0 143 
1885 1.0 204 
1886 1.0 115 
1887 1.0 113 
1888 1.0 298 
1889 1.0 279 
1890 1.0 284 
1891 1.0 92 
1892 1.0 415 
1893 1.0 163 
1894 1.0 67 
1895 1.0 500 
1896 1.0 133 
1897 1.0 500 
1898 1.0 500 
1899 1.0 500 
1900 1.0 418 
1901 1.0 337 
1902 1.0 162 
1903 1.0 259 
1904 1.0 173 
1905 1.0 385 
1906 1.0 500 
1907 1.0 500 
1908 1.0 373 
1909 1.0 86 
1910 1.0 289 
1911 1.0 478 
1912 1.0 118 
1913 1.0 252 
1914 1.0 47 
1915 1.0 246 
1916 1.0 121 
1917 1.0 297 
1918 1.0 179 
1919 1.0 500 
1920 1.0 500 
1921 1.0 276 
1922 1.0 60 
1923 1.0 253 
1924 1.0 408 
1925 1.0 40 
1926 1.0 149 
1927 1.0 206 
1928 1.0 386 
1929 1.0 401 
1930 1.0 156 
1931 1.0 35 
1932 1.0 119 
1933 1.0 236 
1934 1.0 337 
1935 1.0 199 
1936 1.0 368 
1937 1.0 247 
1938 1.0 137 
1939 1.0 230 
1940 1.0 316 
1941 1.0 224 
1942 1.0 137 
1943 1.0 127 
1944 1.0 163 
1945 1.0 106 
1946 1.0 346 
1947 1.0 242 
1948 1.0 249 
1949 1.0 275 
1950 1.0 500 
1951 1.0 500 
1952 1.0 168 
1953 1.0 352 
1954 1.0 315 
1955 1.0 417 
1956 1.0 351 
1957 1.0 270 
1958 1.0 389 
1959 1.0 500 
1960 1.0 268 
1961 1.0 254 
1962 1.0 321 
1963 1.0 500 
1964 1.0 365 
1965 1.0 472 
1966 1.0 149 
1967 1.0 426 
1968 1.0 453 
1969 1.0 276 
1970 1.0 475 
1971 1.0 163 
1972 1.0 168 
1973 1.0 61 
1974 1.0 137 
1975 1.0 136 
1976 1.0 157 
1977 1.0 375 
1978 1.0 143 
1979 1.0 181 
1980 1.0 169 
1981 1.0 302 
1982 1.0 17 
1983 1.0 57 
1984 1.0 242 
1985 1.0 283 
1986 1.0 370 
1987 1.0 336 
1988 1.0 451 
1989 1.0 500 
1990 1.0 179 
1991 1.0 333 
1992 1.0 340 
1993 1.0 183 
1994 1.0 171 
1995 1.0 211 
1996 1.0 244 
1997 1.0 483 
1998 1.0 124 
1999 1.0 343 
2000 1.0 186 
2001 1.0 432 
2002 1.0 500 
2003 1.0 351 
2004 1.0 159 
2005 1.0 142 
2006 1.0 500 
2007 1.0 10 
2008 1.0 152 
2009 1.0 288 
2010 1.0 500 
2011 1.0 265 
2012 1.0 394 
2013 1.0 256 
2014 1.0 176 
2015 1.0 336 
2016 1.0 237 
2017 1.0 106 
2018 1.0 97 
2019 1.0 321 
2020 1.0 269 
2021 1.0 202 
2022 1.0 143 
2023 1.0 222 
2024 1.0 144 
2025 1.0 159 
2026 1.0 197 
2027 1.0 183 
2028 1.0 259 
2029 1.0 123 
2030 1.0 172 
2031 1.0 145 
2032 1.0 144 
2033 1.0 242 
2034 1.0 96 
2035 1.0 191 
2036 1.0 113 
2037 1.0 154 
2038 1.0 209 
2039 1.0 238 
2040 1.0 500 
2041 1.0 227 
2042 1.0 225 
2043 1.0 128 
2044 1.0 395 
2045 1.0 500 
2046 1.0 500 
2047 1.0 262 
2048 1.0 363 
2049 1.0 273 
2050 1.0 143 
2051 1.0 172 
2052 1.0 115 
2053 1.0 342 
2054 1.0 255 
2055 1.0 205 
2056 1.0 226 
2057 1.0 330 
2058 1.0 79 
2059 1.0 412 
2060 1.0 277 
2061 1.0 500 
2062 1.0 405 
2063 1.0 235 
2064 1.0 329 
2065 1.0 165 
2066 1.0 315 
2067 1.0 293 
2068 1.0 248 
2069 1.0 161 
2070 1.0 168 
2071 1.0 199 
2072 1.0 175 
2073 1.0 214 
2074 1.0 297 
2075 1.0 500 
2076 1.0 68 
2077 1.0 95 
2078 1.0 105 
2079 1.0 77 
2080 1.0 164 
2081 1.0 115 
2082 1.0 362 
2083 1.0 175 
2084 1.0 280 
2085 1.0 500 
2086 1.0 171 
2087 1.0 191 
2088 1.0 270 
2089 1.0 500 
2090 1.0 203 
2091 1.0 200 
2092 1.0 500 
2093 1.0 500 
2094 1.0 428 
2095 1.0 293 
2096 1.0 500 
2097 1.0 500 
2098 1.0 33 
2099 1.0 390 
2100 1.0 500 
2101 1.0 397 
2102 1.0 287 
2103 1.0 471 
2104 1.0 480 
2105 1.0 292 
2106 1.0 461 
2107 1.0 500 
2108 1.0 371 
2109 1.0 357 
2110 1.0 500 
2111 1.0 500 
2112 1.0 500 
2113 1.0 236 
2114 1.0 500 
2115 1.0 374 
2116 1.0 500 
2117 1.0 143 
2118 1.0 132 
2119 1.0 127 
2120 1.0 276 
2121 1.0 189 
2122 1.0 212 
2123 1.0 270 
2124 1.0 268 
2125 1.0 203 
2126 1.0 289 
2127 1.0 277 
2128 1.0 245 
2129 1.0 353 
2130 1.0 274 
2131 1.0 147 
2132 1.0 188 
2133 1.0 232 
2134 1.0 229 
2135 1.0 289 
2136 1.0 248 
2137 1.0 366 
2138 1.0 500 
2139 1.0 274 
2140 1.0 258 
2141 1.0 500 
2142 1.0 323 
2143 1.0 295 
2144 1.0 347 
2145 1.0 332 
2146 1.0 374 
2147 1.0 401 
2148 1.0 313 
2149 1.0 458 
2150 1.0 186 
2151 1.0 461 
2152 1.0 451 
2153 1.0 355 
2154 1.0 284 
2155 1.0 455 
2156 1.0 122 
2157 1.0 234 
2158 1.0 500 
2159 1.0 227 
2160 1.0 232 
2161 1.0 337 
2162 1.0 430 
2163 1.0 289 
2164 1.0 58 
2165 1.0 466 
2166 1.0 407 
2167 1.0 148 
2168 1.0 260 
2169 1.0 500 
2170 1.0 210 
2171 1.0 87 
2172 1.0 127 
2173 1.0 282 
2174 1.0 225 
2175 1.0 215 
2176 1.0 500 
2177 1.0 155 
2178 1.0 500 
2179 1.0 270 
2180 1.0 145 
2181 1.0 458 
2182 1.0 123 
2183 1.0 40 
2184 1.0 156 
2185 1.0 500 
2186 1.0 500 
2187 1.0 289 
2188 1.0 339 
2189 1.0 239 
2190 1.0 500 
2191 1.0 212 
2192 1.0 336 
2193 1.0 343 
2194 1.0 383 
2195 1.0 228 
2196 1.0 240 
2197 1.0 186 
2198 1.0 310 
2199 1.0 277 
2200 1.0 461 
2201 1.0 373 
2202 1.0 500 
2203 1.0 500 
2204 1.0 424 
2205 1.0 500 
2206 1.0 26 
2207 1.0 59 
2208 1.0 75 
2209 1.0 96 
2210 1.0 260 
2211 1.0 58 
2212 1.0 55 
2213 1.0 43 
2214 1.0 45 
2215 1.0 56 
2216 1.0 81 
2217 1.0 76 
2218 1.0 69 
2219 1.0 63 
2220 1.0 56 
2221 1.0 77 
2222 1.0 82 
2223 1.0 138 
2224 1.0 69 
2225 1.0 76 
2226 1.0 101 
2227 1.0 360 
2228 1.0 385 
2229 1.0 103 
2230 1.0 94 
2231 1.0 80 
2232 1.0 76 
2233 1.0 295 
2234 1.0 99 
2235 1.0 247 
2236 1.0 173 
2237 1.0 97 
2238 1.0 115 
2239 1.0 197 
2240 1.0 371 
2241 1.0 318 
2242 1.0 491 
2243 1.0 48 
2244 1.0 500 
2245 1.0 146 
2246 1.0 125 
2247 1.0 188 
2248 1.0 259 
2249 1.0 110 
2250 1.0 49 
2251 1.0 262 
2252 1.0 69 
2253 1.0 49 
2254 1.0 64 
2255 1.0 64 
2256 1.0 58 
2257 1.0 46 
2258 1.0 51 
2259 1.0 36 
2260 1.0 82 
2261 1.0 72 
2262 1.0 47 
2263 1.0 70 
2264 1.0 53 
2265 1.0 84 
2266 1.0 116 
2267 1.0 98 
2268 1.0 80 
2269 1.0 116 
2270 1.0 153 
2271 1.0 133 
2272 1.0 98 
2273 1.0 50 
2274 1.0 129 
2275 1.0 58 
2276 1.0 230 
2277 1.0 55 
2278 1.0 113 
2279 1.0 86 
2280 1.0 307 
2281 1.0 90 
2282 1.0 154 
2283 1.0 123 
2284 1.0 161 
2285 1.0 107 
2286 1.0 226 
2287 1.0 137 
2288 1.0 114 
2289 1.0 104 
2290 1.0 57 
2291 1.0 90 
2292 1.0 32 
2293 1.0 39 
2294 1.0 119 
2295 1.0 251 
2296 1.0 89 
2297 1.0 54 
2298 1.0 129 
2299 1.0 249 
2300 1.0 240 
2301 1.0 67 
2302 1.0 117 
2303 1.0 50 
2304 1.0 158 
2305 1.0 91 
2306 1.0 195 
2307 1.0 269 
2308 1.0 210 
2309 1.0 200 
2310 1.0 142 
2311 1.0 79 
2312 1.0 169 
2313 1.0 137 
2314 1.0 234 
2315 1.0 245 
2316 1.0 58 
2317 1.0 212 
2318 1.0 273 
2319 1.0 230 
2320 1.0 208 
2321 1.0 87 
2322 1.0 242 
2323 1.0 175 
2324 1.0 209 
2325 1.0 291 
2326 1.0 190 
2327 1.0 242 
2328 1.0 294 
2329 1.0 172 
2330 1.0 198 
2331 1.0 500 
2332 1.0 217 
2333 1.0 136 
2334 1.0 172 
2335 1.0 378 
2336 1.0 174 
2337 1.0 185 
2338 1.0 282 
2339 1.0 383 
2340 1.0 339 
2341 1.0 299 
2342 1.0 249 
2343 1.0 285 
2344 1.0 296 
2345 1.0 286 
2346 1.0 329 
2347 1.0 83 
2348 1.0 235 
2349 1.0 241 
2350 1.0 495 
2351 1.0 500 
2352 1.0 327 
2353 1.0 359 
2354 1.0 192 
2355 1.0 278 
2356 1.0 177 
2357 1.0 366 
2358 1.0 184 
2359 1.0 380 
2360 1.0 205 
2361 1.0 151 
2362 1.0 60 
2363 1.0 328 
2364 1.0 377 
2365 1.0 150 
2366 1.0 24 
2367 1.0 102 
2368 1.0 312 
2369 1.0 500 
2370 1.0 196 
2371 1.0 216 
2372 1.0 237 
2373 1.0 247 
2374 1.0 433 
2375 1.0 168 
2376 1.0 308 
2377 1.0 326 
2378 1.0 100 
2379 1.0 245 
2380 1.0 199 
2381 1.0 235 
2382 1.0 269 
2383 1.0 342 
2384 1.0 176 
2385 1.0 62 
2386 1.0 265 
2387 1.0 281 
2388 1.0 227 
2389 1.0 140 
2390 1.0 219 
2391 1.0 134 
2392 1.0 72 
2393 1.0 224 
2394 1.0 274 
2395 1.0 500 
2396 1.0 31 
2397 1.0 322 
2398 1.0 500 
2399 1.0 231 
2400 1.0 254 
2401 1.0 230 
2402 1.0 252 
2403 1.0 180 
2404 1.0 196 
2405 1.0 500 
2406 1.0 225 
2407 1.0 260 
2408 1.0 467 
2409 1.0 500 
2410 1.0 500 
2411 1.0 500 
2412 1.0 52 
2413 1.0 156 
2414 1.0 355 
2415 1.0 401 
2416 1.0 225 
2417 1.0 372 
2418 1.0 447 
2419 1.0 305 
2420 1.0 183 
2421 1.0 500 
2422 1.0 200 
2423 1.0 341 
2424 1.0 362 
2425 1.0 233 
2426 1.0 237 
2427 1.0 223 
2428 1.0 271 
2429 1.0 243 
2430 1.0 307 
2431 1.0 291 
2432 1.0 164 
2433 1.0 223 
2434 1.0 271 
2435 1.0 238 
2436 1.0 348 
2437 1.0 171 
2438 1.0 293 
2439 1.0 290 
2440 1.0 53 
2441 1.0 139 
2442 1.0 196 
2443 1.0 155 
2444 1.0 187 
2445 1.0 171 
2446 1.0 109 
2447 1.0 155 
2448 1.0 299 
2449 1.0 500 
2450 1.0 213 
2451 1.0 272 
2452 1.0 341 
2453 1.0 200 
2454 1.0 410 
2455 1.0 206 
2456 1.0 180 
2457 1.0 491 
2458 1.0 226 
2459 1.0 327 
2460 1.0 354 
2461 1.0 355 
2462 1.0 500 
2463 1.0 270 
2464 1.0 304 
2465 1.0 282 
2466 1.0 289 
2467 1.0 288 
2468 1.0 273 
2469 1.0 292 
2470 1.0 377 
2471 1.0 440 
2472 1.0 405 
2473 1.0 290 
2474 1.0 421 
2475 1.0 398 
2476 1.0 215 
2477 1.0 271 
2478 1.0 226 
2479 1.0 247 
2480 1.0 401 
2481 1.0 482 
2482 1.0 256 
2483 1.0 461 
2484 1.0 410 
2485 1.0 334 
2486 1.0 218 
2487 1.0 322 
2488 1.0 500 
2489 1.0 250 
2490 1.0 221 
2491 1.0 237 
2492 1.0 201 
2493 1.0 195 
2494 1.0 500 
2495 1.0 268 
2496 1.0 211 
2497 1.0 237 
2498 1.0 202 
2499 1.0 274 
2500 1.0 218 
2501 1.0 139 
2502 1.0 408 
2503 1.0 265 
2504 1.0 229 
2505 1.0 409 
2506 1.0 352 
2507 1.0 320 
2508 1.0 332 
2509 1.0 252 
2510 1.0 376 
2511 1.0 500 
2512 1.0 353 
2513 1.0 255 
2514 1.0 445 
2515 1.0 210 
2516 1.0 434 
2517 1.0 500 
2518 1.0 231 
2519 1.0 500 
2520 1.0 307 
2521 1.0 330 
2522 1.0 378 
2523 1.0 259 
2524 1.0 500 
2525 1.0 332 
2526 1.0 267 
2527 1.0 324 
2528 1.0 306 
2529 1.0 142 
2530 1.0 309 
2531 1.0 340 
2532 1.0 133 
2533 1.0 500 
2534 1.0 242 
2535 1.0 235 
2536 1.0 227 
2537 1.0 327 
2538 1.0 500 
2539 1.0 293 
2540 1.0 221 
2541 1.0 319 
2542 1.0 231 
2543 1.0 456 
2544 1.0 287 
2545 1.0 458 
2546 1.0 215 
2547 1.0 238 
2548 1.0 235 
2549 1.0 257 
2550 1.0 316 
2551 1.0 376 
2552 1.0 314 
2553 1.0 334 
2554 1.0 238 
2555 1.0 209 
2556 1.0 229 
2557 1.0 229 
2558 1.0 254 
2559 1.0 207 
2560 1.0 268 
2561 1.0 227 
2562 1.0 118 
2563 1.0 334 
2564 1.0 227 
2565 1.0 305 
2566 1.0 500 
2567 1.0 500 
2568 1.0 218 
2569 1.0 283 
2570 1.0 500 
2571 1.0 453 
2572 1.0 297 
2573 1.0 430 
2574 1.0 382 
2575 1.0 452 
2576 1.0 282 
2577 1.0 67 
2578 1.0 179 
2579 1.0 272 
2580 1.0 140 
2581 1.0 188 
2582 1.0 146 
2583 1.0 180 
2584 1.0 186 
2585 1.0 74 
2586 1.0 123 
2587 1.0 153 
2588 1.0 122 
2589 1.0 119 
2590 1.0 26 
2591 1.0 186 
2592 1.0 203 
2593 1.0 204 
2594 1.0 181 
2595 1.0 259 
2596 1.0 500 
2597 1.0 121 
2598 1.0 177 
2599 1.0 241 
2600 1.0 218 
2601 1.0 266 
2602 1.0 16 
2603 1.0 211 
2604 1.0 17 
2605 1.0 9 
2606 1.0 12 
2607 1.0 10 
2608 1.0 12 
2609 1.0 207 
2610 1.0 273 
2611 1.0 178 
2612 1.0 163 
2613 1.0 183 
2614 1.0 289 
2615 1.0 265 
2616 1.0 224 
2617 1.0 253 
2618 1.0 41 
2619 1.0 180 
2620 1.0 239 
2621 1.0 150 
2622 1.0 184 
2623 1.0 146 
2624 1.0 184 
2625 1.0 155 
2626 1.0 208 
2627 1.0 278 
2628 1.0 149 
2629 1.0 223 
2630 1.0 179 
2631 1.0 142 
2632 1.0 197 
2633 1.0 182 
2634 1.0 266 
2635 1.0 174 
2636 1.0 213 
2637 1.0 164 
2638 1.0 323 
2639 1.0 248 
2640 1.0 234 
2641 1.0 127 
2642 1.0 228 
2643 1.0 217 
2644 1.0 199 
2645 1.0 305 
2646 1.0 282 
2647 1.0 232 
2648 1.0 325 
2649 1.0 176 
2650 1.0 178 
2651 1.0 162 
2652 1.0 170 
2653 1.0 358 
2654 1.0 204 
2655 1.0 164 
2656 1.0 253 
2657 1.0 140 
2658 1.0 197 
2659 1.0 196 
2660 1.0 197 
2661 1.0 369 
2662 1.0 257 
2663 1.0 168 
2664 1.0 204 
2665 1.0 224 
2666 1.0 215 
2667 1.0 244 
2668 1.0 157 
2669 1.0 136 
2670 1.0 186 
2671 1.0 281 
2672 1.0 30 
2673 1.0 221 
2674 1.0 274 
2675 1.0 175 
2676 1.0 301 
2677 1.0 197 
2678 1.0 188 
2679 1.0 136 
2680 1.0 229 
2681 1.0 500 
2682 1.0 14 
2683 1.0 202 
2684 1.0 210 
2685 1.0 211 
2686 1.0 193 
2687 1.0 209 
2688 1.0 195 
2689 1.0 258 
2690 1.0 270 
2691 1.0 250 
2692 1.0 41 
2693 1.0 16 
2694 1.0 122 
2695 1.0 106 
2696 1.0 180 
2697 1.0 156 
2698 1.0 157 
2699 1.0 171 
2700 1.0 166 
2701 1.0 151 
2702 1.0 23 
2703 1.0 164 
2704 1.0 116 
2705 1.0 378 
2706 1.0 227 
2707 1.0 243 
2708 1.0 263 
2709 1.0 186 
2710 1.0 323 
2711 1.0 478 
2712 1.0 314 
2713 1.0 296 
2714 1.0 263 
2715 1.0 388 
2716 1.0 265 
2717 1.0 235 
2718 1.0 259 
2719 1.0 204 
2720 1.0 453 
2721 1.0 17 
2722 1.0 207 
2723 1.0 386 
2724 1.0 228 
2725 1.0 160 
2726 1.0 195 
2727 1.0 198 
2728 1.0 208 
2729 1.0 183 
2730 1.0 170 
2731 1.0 167 
2732 1.0 234 
2733 1.0 211 
2734 1.0 500 
2735 1.0 244 
2736 1.0 189 
2737 1.0 260 
2738 1.0 250 
2739 1.0 396 
2740 1.0 354 
2741 1.0 236 
2742 1.0 163 
2743 1.0 206 
2744 1.0 179 
2745 1.0 220 
2746 1.0 272 
2747 1.0 197 
2748 1.0 218 
2749 1.0 183 
2750 1.0 193 
2751 1.0 172 
2752 1.0 194 
2753 1.0 236 
2754 1.0 147 
2755 1.0 197 
2756 1.0 169 
2757 1.0 165 
2758 1.0 145 
2759 1.0 125 
2760 1.0 151 
2761 1.0 132 
2762 1.0 134 
2763 1.0 118 
2764 1.0 218 
2765 1.0 140 
2766 1.0 113 
2767 1.0 154 
2768 1.0 141 
2769 1.0 116 
2770 1.0 98 
2771 1.0 127 
2772 1.0 116 
2773 1.0 117 
2774 1.0 121 
2775 1.0 64 
2776 1.0 111 
2777 1.0 16 
2778 1.0 12 
2779 1.0 9 
2780 1.0 13 
2781 1.0 13 
2782 1.0 10 
2783 1.0 15 
2784 1.0 14 
2785 1.0 14 
2786 1.0 16 
2787 1.0 9 
2788 1.0 11 
2789 1.0 83 
2790 1.0 14 
2791 1.0 35 
2792 1.0 113 
2793 1.0 176 
2794 1.0 13 
2795 1.0 148 
2796 1.0 115 
2797 1.0 119 
2798 1.0 112 
2799 1.0 107 
2800 1.0 196 
2801 1.0 173 
2802 1.0 139 
2803 1.0 158 
2804 1.0 52 
2805 1.0 179 
2806 1.0 188 
2807 1.0 161 
2808 1.0 10 
2809 1.0 109 
2810 1.0 243 
2811 1.0 172 
2812 1.0 165 
2813 1.0 195 
2814 1.0 446 
2815 1.0 172 
2816 1.0 174 
2817 1.0 12 
2818 1.0 136 
2819 1.0 110 
2820 1.0 104 
2821 1.0 102 
2822 1.0 99 
2823 1.0 163 
2824 1.0 181 
2825 1.0 186 
2826 1.0 222 
2827 1.0 10 
2828 1.0 216 
2829 1.0 178 
2830 1.0 223 
2831 1.0 134 
2832 1.0 173 
2833 1.0 111 
2834 1.0 174 
2835 1.0 260 
2836 1.0 439 
2837 1.0 205 
2838 1.0 194 
2839 1.0 219 
2840 1.0 194 
2841 1.0 240 
2842 1.0 140 
2843 1.0 217 
2844 1.0 325 
2845 1.0 218 
2846 1.0 289 
2847 1.0 244 
2848 1.0 291 
2849 1.0 227 
2850 1.0 11 
2851 1.0 30 
2852 1.0 62 
2853 1.0 61 
2854 1.0 123 
2855 1.0 125 
2856 1.0 221 
2857 1.0 132 
2858 1.0 159 
2859 1.0 178 
2860 1.0 220 
2861 1.0 214 
2862 1.0 169 
2863 1.0 170 
2864 1.0 167 
2865 1.0 126 
2866 1.0 270 
2867 1.0 300 
2868 1.0 14 
2869 1.0 392 
2870 1.0 457 
2871 1.0 216 
2872 1.0 121 
2873 1.0 99 
2874 1.0 203 
2875 1.0 133 
2876 1.0 14 
2877 1.0 144 
2878 1.0 387 
2879 1.0 176 
2880 1.0 140 
2881 1.0 186 
2882 1.0 237 
2883 1.0 172 
2884 1.0 354 
2885 1.0 204 
2886 1.0 122 
2887 1.0 113 
2888 1.0 141 
2889 1.0 182 
2890 1.0 10 
2891 1.0 325 
2892 1.0 267 
2893 1.0 216 
2894 1.0 148 
2895 1.0 182 
2896 1.0 239 
2897 1.0 130 
2898 1.0 144 
2899 1.0 219 
2900 1.0 222 
2901 1.0 243 
2902 1.0 170 
2903 1.0 196 
2904 1.0 247 
2905 1.0 438 
2906 1.0 90 
2907 1.0 81 
2908 1.0 227 
2909 1.0 72 
2910 1.0 139 
2911 1.0 139 
2912 1.0 110 
2913 1.0 252 
2914 1.0 146 
2915 1.0 136 
2916 1.0 249 
2917 1.0 165 
2918 1.0 178 
2919 1.0 180 
2920 1.0 146 
2921 1.0 248 
2922 1.0 184 
2923 1.0 233 
2924 1.0 98 
2925 1.0 180 
2926 1.0 203 
2927 1.0 133 
2928 1.0 334 
2929 1.0 137 
2930 1.0 44 
2931 1.0 145 
2932 1.0 183 
2933 1.0 232 
2934 1.0 500 
2935 1.0 62 
2936 1.0 108 
2937 1.0 169 
2938 1.0 142 
2939 1.0 115 
2940 1.0 206 
2941 1.0 136 
2942 1.0 143 
2943 1.0 130 
2944 1.0 283 
2945 1.0 106 
2946 1.0 133 
2947 1.0 114 
2948 1.0 140 
2949 1.0 143 
2950 1.0 137 
2951 1.0 383 
2952 1.0 161 
2953 1.0 176 
2954 1.0 165 
2955 1.0 180 
2956 1.0 76 
2957 1.0 500 
2958 1.0 97 
2959 1.0 129 
2960 1.0 289 
2961 1.0 166 
2962 1.0 45 
2963 1.0 115 
2964 1.0 104 
2965 1.0 114 
2966 1.0 204 
2967 1.0 72 
2968 1.0 86 
2969 1.0 72 
2970 1.0 81 
2971 1.0 61 
2972 1.0 99 
2973 1.0 84 
2974 1.0 188 
2975 1.0 58 
2976 1.0 77 
2977 1.0 63 
2978 1.0 82 
2979 1.0 120 
2980 1.0 83 
2981 1.0 46 
2982 1.0 170 
2983 1.0 159 
2984 1.0 125 
2985 1.0 176 
2986 1.0 164 
2987 1.0 165 
2988 1.0 161 
2989 1.0 323 
2990 1.0 142 
2991 1.0 94 
2992 1.0 271 
2993 1.0 183 
2994 1.0 181 
2995 1.0 169 
2996 1.0 212 
2997 1.0 183 
2998 1.0 146 
2999 1.0 172 
3000 1.0 163 
3001 1.0 139 
3002 1.0 312 
3003 1.0 241 
3004 1.0 86 
3005 1.0 389 
3006 1.0 61 
3007 1.0 462 
3008 1.0 328 
3009 1.0 160 
3010 1.0 210 
3011 1.0 214 
3012 1.0 145 
3013 1.0 215 
3014 1.0 255 
3015 1.0 167 
3016 1.0 159 
3017 1.0 175 
3018 1.0 500 
3019 1.0 193 
3020 1.0 125 
3021 1.0 196 
3022 1.0 133 
3023 1.0 141 
3024 1.0 111 
3025 1.0 108 
3026 1.0 181 
3027 1.0 134 
3028 1.0 21 
3029 1.0 20 
3030 1.0 84 
3031 1.0 132 
3032 1.0 192 
3033 1.0 84 
3034 1.0 153 
3035 1.0 118 
3036 1.0 156 
3037 1.0 156 
3038 1.0 13 
3039 1.0 11 
3040 1.0 119 
3041 1.0 131 
3042 1.0 201 
3043 1.0 236 
3044 1.0 264 
3045 1.0 500 
3046 1.0 185 
3047 1.0 85 
3048 1.0 207 
3049 1.0 128 
3050 1.0 139 
3051 1.0 346 
3052 1.0 53 
3053 1.0 53 
3054 1.0 139 
3055 1.0 92 
3056 1.0 20 
3057 1.0 145 
3058 1.0 102 
3059 1.0 500 
3060 1.0 203 
3061 1.0 137 
3062 1.0 91 
3063 1.0 18 
3064 1.0 101 
3065 1.0 116 
3066 1.0 352 
3067 1.0 257 
3068 1.0 500 
3069 1.0 286 
3070 1.0 196 
3071 1.0 485 
3072 1.0 283 
3073 1.0 319 
3074 1.0 239 
3075 1.0 168 
3076 1.0 179 
3077 1.0 9 
3078 1.0 179 
3079 1.0 145 
3080 1.0 94 
3081 1.0 152 
3082 1.0 255 
3083 1.0 208 
3084 1.0 179 
3085 1.0 148 
3086 1.0 138 
3087 1.0 158 
3088 1.0 198 
3089 1.0 145 
3090 1.0 429 
3091 1.0 136 
3092 1.0 191 
3093 1.0 67 
3094 1.0 120 
3095 1.0 116 
3096 1.0 282 
3097 1.0 40 
3098 1.0 114 
3099 1.0 121 
3100 1.0 100 
3101 1.0 142 
3102 1.0 118 
3103 1.0 151 
3104 1.0 90 
3105 1.0 95 
3106 1.0 102 
3107 1.0 100 
3108 1.0 108 
3109 1.0 111 
3110 1.0 92 
3111 1.0 140 
3112 1.0 100 
3113 1.0 99 
3114 1.0 98 
3115 1.0 99 
3116 1.0 109 
3117 1.0 133 
3118 1.0 111 
3119 1.0 107 
3120 1.0 113 
3121 1.0 117 
3122 1.0 124 
3123 1.0 111 
3124 1.0 119 
3125 1.0 100 
3126 1.0 108 
3127 1.0 93 
3128 1.0 107 
3129 1.0 122 
3130 1.0 123 
3131 1.0 135 
3132 1.0 132 
3133 1.0 119 
3134 1.0 149 
3135 1.0 106 
3136 1.0 179 
3137 1.0 198 
3138 1.0 146 
3139 1.0 140 
3140 1.0 126 
3141 1.0 141 
3142 1.0 136 
3143 1.0 105 
3144 1.0 131 
3145 1.0 175 
3146 1.0 122 
3147 1.0 137 
3148 1.0 125 
3149 1.0 170 
3150 1.0 113 
3151 1.0 120 
3152 1.0 140 
3153 1.0 406 
3154 1.0 500 
3155 1.0 154 
3156 1.0 163 
3157 1.0 176 
3158 1.0 164 
3159 1.0 268 
3160 1.0 147 
3161 1.0 190 
3162 1.0 161 
3163 1.0 181 
3164 1.0 157 
3165 1.0 167 
3166 1.0 262 
3167 1.0 293 
3168 1.0 446 
3169 1.0 134 
3170 1.0 24 
3171 1.0 221 
3172 1.0 156 
3173 1.0 109 
3174 1.0 436 
3175 1.0 188 
3176 1.0 155 
3177 1.0 25 
3178 1.0 189 
3179 1.0 214 
3180 1.0 194 
3181 1.0 25 
3182 1.0 84 
3183 1.0 131 
3184 1.0 182 
3185 1.0 139 
3186 1.0 188 
3187 1.0 183 
3188 1.0 112 
3189 1.0 129 
3190 1.0 165 
3191 1.0 132 
3192 1.0 129 
3193 1.0 181 
3194 1.0 98 
3195 1.0 500 
3196 1.0 374 
3197 1.0 276 
3198 1.0 248 
3199 1.0 309 
3200 1.0 331 
3201 1.0 136 
3202 1.0 188 
3203 1.0 205 
3204 1.0 104 
3205 1.0 111 
3206 1.0 227 
3207 1.0 181 
3208 1.0 108 
3209 1.0 152 
3210 1.0 236 
3211 1.0 351 
3212 1.0 142 
3213 1.0 225 
3214 1.0 169 
3215 1.0 251 
3216 1.0 210 
3217 1.0 192 
3218 1.0 137 
3219 1.0 138 
3220 1.0 135 
3221 1.0 132 
3222 1.0 99 
3223 1.0 158 
3224 1.0 151 
3225 1.0 293 
3226 1.0 181 
3227 1.0 102 
3228 1.0 196 
3229 1.0 121 
3230 1.0 144 
3231 1.0 447 
3232 1.0 97 
3233 1.0 128 
3234 1.0 11 
3235 1.0 119 
3236 1.0 113 
3237 1.0 114 
3238 1.0 112 
3239 1.0 120 
3240 1.0 155 
3241 1.0 103 
3242 1.0 99 
3243 1.0 108 
3244 1.0 158 
3245 1.0 112 
3246 1.0 146 
3247 1.0 113 
3248 1.0 133 
3249 1.0 135 
3250 1.0 105 
3251 1.0 172 
3252 1.0 112 
3253 1.0 124 
3254 1.0 133 
3255 1.0 119 
3256 1.0 103 
3257 1.0 103 
3258 1.0 106 
3259 1.0 119 
3260 1.0 104 
3261 1.0 106 
3262 1.0 128 
3263 1.0 122 
3264 1.0 217 
3265 1.0 112 
3266 1.0 178 
3267 1.0 97 
3268 1.0 98 
3269 1.0 93 
3270 1.0 126 
3271 1.0 45 
3272 1.0 91 
3273 1.0 105 
3274 1.0 91 
3275 1.0 93 
3276 1.0 120 
3277 1.0 110 
3278 1.0 108 
3279 1.0 122 
3280 1.0 111 
3281 1.0 252 
3282 1.0 21 
3283 1.0 108 
3284 1.0 152 
3285 1.0 22 
3286 1.0 91 
3287 1.0 31 
3288 1.0 112 
3289 1.0 94 
3290 1.0 104 
3291 1.0 103 
3292 1.0 404 
3293 1.0 178 
3294 1.0 123 
3295 1.0 109 
3296 1.0 52 
3297 1.0 90 
3298 1.0 97 
3299 1.0 107 
3300 1.0 347 
3301 1.0 150 
3302 1.0 215 
3303 1.0 179 
3304 1.0 164 
3305 1.0 231 
3306 1.0 219 
3307 1.0 173 
3308 1.0 101 
3309 1.0 262 
3310 1.0 56 
3311 1.0 240 
3312 1.0 180 
3313 1.0 144 
3314 1.0 359 
3315 1.0 194 
3316 1.0 11 
3317 1.0 153 
3318 1.0 360 
3319 1.0 215 
3320 1.0 96 
3321 1.0 9 
3322 1.0 13 
3323 1.0 23 
3324 1.0 118 
3325 1.0 108 
3326 1.0 260 
3327 1.0 133 
3328 1.0 346 
3329 1.0 199 
3330 1.0 133 
3331 1.0 105 
3332 1.0 96 
3333 1.0 96 
3334 1.0 151 
3335 1.0 98 
3336 1.0 225 
3337 1.0 231 
3338 1.0 18 
3339 1.0 114 
3340 1.0 104 
3341 1.0 40 
3342 1.0 97 
3343 1.0 99 
3344 1.0 97 
3345 1.0 229 
3346 1.0 104 
3347 1.0 168 
3348 1.0 151 
3349 1.0 172 
3350 1.0 132 
3351 1.0 35 
3352 1.0 176 
3353 1.0 167 
3354 1.0 293 
3355 1.0 131 
3356 1.0 24 
3357 1.0 13 
3358 1.0 94 
3359 1.0 77 
3360 1.0 12 
3361 1.0 9 
3362 1.0 10 
3363 1.0 10 
3364 1.0 9 
3365 1.0 9 
3366 1.0 95 
3367 1.0 10 
3368 1.0 8 
3369 1.0 10 
3370 1.0 12 
3371 1.0 12 
3372 1.0 10 
3373 1.0 13 
3374 1.0 11 
3375 1.0 12 
3376 1.0 9 
3377 1.0 213 
3378 1.0 108 
3379 1.0 122 
3380 1.0 124 
3381 1.0 143 
3382 1.0 104 
3383 1.0 46 
3384 1.0 111 
3385 1.0 90 
3386 1.0 17 
3387 1.0 18 
3388 1.0 14 
3389 1.0 13 
3390 1.0 92 
3391 1.0 14 
3392 1.0 17 
3393 1.0 17 
3394 1.0 153 
3395 1.0 123 
3396 1.0 153 
3397 1.0 178 
3398 1.0 110 
3399 1.0 117 
3400 1.0 184 
3401 1.0 191 
3402 1.0 271 
3403 1.0 177 
3404 1.0 338 
3405 1.0 196 
3406 1.0 202 
3407 1.0 134 
3408 1.0 162 
3409 1.0 179 
3410 1.0 182 
3411 1.0 183 
3412 1.0 213 
3413 1.0 164 
3414 1.0 200 
3415 1.0 146 
3416 1.0 151 
3417 1.0 157 
3418 1.0 161 
3419 1.0 152 
3420 1.0 259 
3421 1.0 217 
3422 1.0 162 
3423 1.0 183 
3424 1.0 192 
3425 1.0 153 
3426 1.0 153 
3427 1.0 151 
3428 1.0 163 
3429 1.0 184 
3430 1.0 160 
3431 1.0 222 
3432 1.0 131 
3433 1.0 129 
3434 1.0 234 
3435 1.0 177 
3436 1.0 135 
3437 1.0 139 
3438 1.0 137 
3439 1.0 101 
3440 1.0 88 
3441 1.0 96 
3442 1.0 107 
3443 1.0 101 
3444 1.0 85 
3445 1.0 137 
3446 1.0 115 
3447 1.0 17 
3448 1.0 15 
3449 1.0 118 
3450 1.0 166 
3451 1.0 138 
3452 1.0 141 
3453 1.0 145 
3454 1.0 203 
3455 1.0 243 
3456 1.0 113 
3457 1.0 152 
3458 1.0 100 
3459 1.0 111 
3460 1.0 426 
3461 1.0 132 
3462 1.0 52 
3463 1.0 275 
3464 1.0 119 
3465 1.0 115 
3466 1.0 266 
3467 1.0 121 
3468 1.0 125 
3469 1.0 117 
3470 1.0 53 
3471 1.0 122 
3472 1.0 99 
3473 1.0 145 
3474 1.0 145 
3475 1.0 157 
3476 1.0 124 
3477 1.0 335 
3478 1.0 143 
3479 1.0 234 
3480 1.0 500 
3481 1.0 233 
3482 1.0 146 
3483 1.0 140 
3484 1.0 241 
3485 1.0 231 
3486 1.0 118 
3487 1.0 169 
3488 1.0 169 
3489 1.0 264 
3490 1.0 453 
3491 1.0 143 
3492 1.0 286 
3493 1.0 328 
3494 1.0 147 
3495 1.0 178 
3496 1.0 175 
3497 1.0 163 
3498 1.0 43 
3499 1.0 66 
3500 1.0 151 
3501 1.0 143 
3502 1.0 123 
3503 1.0 164 
3504 1.0 266 
3505 1.0 154 
3506 1.0 142 
3507 1.0 115 
3508 1.0 128 
3509 1.0 113 
3510 1.0 165 
3511 1.0 125 
3512 1.0 75 
3513 1.0 61 
3514 1.0 108 
3515 1.0 51 
3516 1.0 106 
3517 1.0 152 
3518 1.0 182 
3519 1.0 365 
3520 1.0 129 
3521 1.0 123 
3522 1.0 40 
3523 1.0 64 
3524 1.0 203 
3525 1.0 199 
3526 1.0 219 
3527 1.0 172 
3528 1.0 123 
3529 1.0 144 
3530 1.0 339 
3531 1.0 129 
3532 1.0 191 
3533 1.0 113 
3534 1.0 87 
3535 1.0 176 
3536 1.0 141 
3537 1.0 171 
3538 1.0 500 
3539 1.0 438 
3540 1.0 107 
3541 1.0 141 
3542 1.0 121 
3543 1.0 147 
3544 1.0 169 
3545 1.0 98 
3546 1.0 391 
3547 1.0 179 
3548 1.0 500 
3549 1.0 500 
3550 1.0 139 
3551 1.0 135 
3552 1.0 152 
3553 1.0 245 
3554 1.0 155 
3555 1.0 175 
3556 1.0 162 
3557 1.0 233 
3558 1.0 131 
3559 1.0 178 
3560 1.0 173 
3561 1.0 140 
3562 1.0 167 
3563 1.0 351 
3564 1.0 320 
3565 1.0 94 
3566 1.0 126 
3567 1.0 202 
3568 1.0 94 
3569 1.0 127 
3570 1.0 120 
3571 1.0 182 
3572 1.0 162 
3573 1.0 136 
3574 1.0 126 
3575 1.0 298 
3576 1.0 351 
3577 1.0 125 
3578 1.0 29 
3579 1.0 253 
3580 1.0 211 
3581 1.0 128 
3582 1.0 189 
3583 1.0 143 
3584 1.0 199 
3585 1.0 188 
3586 1.0 225 
3587 1.0 322 
3588 1.0 170 
3589 1.0 365 
3590 1.0 154 
3591 1.0 209 
3592 1.0 282 
3593 1.0 184 
3594 1.0 149 
3595 1.0 167 
3596 1.0 139 
3597 1.0 158 
3598 1.0 203 
3599 1.0 181 
3600 1.0 225 
3601 1.0 154 
3602 1.0 99 
3603 1.0 143 
3604 1.0 122 
3605 1.0 127 
3606 1.0 139 
3607 1.0 125 
3608 1.0 102 
3609 1.0 136 
3610 1.0 140 
3611 1.0 298 
3612 1.0 112 
3613 1.0 124 
3614 1.0 123 
3615 1.0 112 
3616 1.0 125 
3617 1.0 136 
3618 1.0 129 
3619 1.0 126 
3620 1.0 110 
3621 1.0 111 
3622 1.0 113 
3623 1.0 109 
3624 1.0 120 
3625 1.0 128 
3626 1.0 417 
3627 1.0 111 
3628 1.0 181 
3629 1.0 131 
3630 1.0 112 
3631 1.0 268 
3632 1.0 129 
3633 1.0 146 
3634 1.0 363 
3635 1.0 160 
3636 1.0 230 
3637 1.0 161 
3638 1.0 145 
3639 1.0 161 
3640 1.0 207 
3641 1.0 158 
3642 1.0 209 
3643 1.0 175 
3644 1.0 171 
3645 1.0 309 
3646 1.0 215 
3647 1.0 210 
3648 1.0 125 
3649 1.0 167 
3650 1.0 92 
3651 1.0 140 
3652 1.0 202 
3653 1.0 175 
3654 1.0 318 
3655 1.0 241 
3656 1.0 157 
3657 1.0 144 
3658 1.0 126 
3659 1.0 211 
3660 1.0 154 
3661 1.0 187 
3662 1.0 38 
3663 1.0 200 
3664 1.0 150 
3665 1.0 131 
3666 1.0 322 
3667 1.0 140 
3668 1.0 127 
3669 1.0 168 
3670 1.0 327 
3671 1.0 130 
3672 1.0 229 
3673 1.0 129 
3674 1.0 266 
3675 1.0 148 
3676 1.0 101 
3677 1.0 109 
3678 1.0 93 
3679 1.0 299 
3680 1.0 128 
3681 1.0 213 
3682 1.0 332 
3683 1.0 230 
3684 1.0 167 
3685 1.0 500 
3686 1.0 222 
3687 1.0 238 
3688 1.0 184 
3689 1.0 124 
3690 1.0 167 
3691 1.0 140 
3692 1.0 133 
3693 1.0 212 
3694 1.0 132 
3695 1.0 114 
3696 1.0 52 
3697 1.0 59 
3698 1.0 125 
3699 1.0 102 
3700 1.0 200 
3701 1.0 25 
3702 1.0 39 
3703 1.0 103 
3704 1.0 106 
3705 1.0 29 
3706 1.0 394 
3707 1.0 84 
3708 1.0 302 
3709 1.0 204 
3710 1.0 157 
3711 1.0 130 
3712 1.0 331 
3713 1.0 291 
3714 1.0 198 
3715 1.0 226 
3716 1.0 261 
3717 1.0 121 
3718 1.0 215 
3719 1.0 208 
3720 1.0 18 
3721 1.0 255 
3722 1.0 107 
3723 1.0 101 
3724 1.0 144 
3725 1.0 207 
3726 1.0 155 
3727 1.0 65 
3728 1.0 23 
3729 1.0 199 
3730 1.0 113 
3731 1.0 39 
3732 1.0 75 
3733 1.0 186 
3734 1.0 44 
3735 1.0 27 
3736 1.0 125 
3737 1.0 19 
3738 1.0 208 
3739 1.0 160 
3740 1.0 207 
3741 1.0 140 
3742 1.0 41 
3743 1.0 195 
3744 1.0 161 
3745 1.0 113 
3746 1.0 24 
3747 1.0 29 
3748 1.0 74 
3749 1.0 145 
3750 1.0 485 
3751 1.0 326 
3752 1.0 156 
3753 1.0 284 
3754 1.0 165 
3755 1.0 386 
3756 1.0 491 
3757 1.0 454 
3758 1.0 208 
3759 1.0 180 
3760 1.0 376 
3761 1.0 339 
3762 1.0 111 
3763 1.0 136 
3764 1.0 407 
3765 1.0 122 
3766 1.0 115 
3767 1.0 186 
3768 1.0 116 
3769 1.0 278 
3770 1.0 286 
3771 1.0 298 
3772 1.0 141 
3773 1.0 132 
3774 1.0 404 
3775 1.0 111 
3776 1.0 192 
3777 1.0 393 
3778 1.0 500 
3779 1.0 350 
3780 1.0 147 
3781 1.0 292 
3782 1.0 316 
3783 1.0 167 
3784 1.0 272 
3785 1.0 286 
3786 1.0 137 
3787 1.0 74 
3788 1.0 260 
3789 1.0 191 
3790 1.0 240 
3791 1.0 142 
3792 1.0 144 
3793 1.0 128 
3794 1.0 165 
3795 1.0 143 
3796 1.0 286 
3797 1.0 127 
3798 1.0 45 
3799 1.0 130 
3800 1.0 173 
3801 1.0 153 
3802 1.0 120 
3803 1.0 209 
3804 1.0 200 
3805 1.0 266 
3806 1.0 238 
3807 1.0 223 
3808 1.0 24 
3809 1.0 144 
3810 1.0 149 
3811 1.0 174 
3812 1.0 92 
3813 1.0 124 
3814 1.0 93 
3815 1.0 107 
3816 1.0 122 
3817 1.0 46 
3818 1.0 75 
3819 1.0 305 
3820 1.0 34 
3821 1.0 221 
3822 1.0 240 
3823 1.0 183 
3824 1.0 202 
3825 1.0 190 
3826 1.0 117 
3827 1.0 142 
3828 1.0 114 
3829 1.0 141 
3830 1.0 189 
3831 1.0 132 
3832 1.0 444 
3833 1.0 151 
3834 1.0 424 
3835 1.0 131 
3836 1.0 224 
3837 1.0 136 
3838 1.0 126 
3839 1.0 164 
3840 1.0 201 
3841 1.0 500 
3842 1.0 130 
3843 1.0 149 
3844 1.0 148 
3845 1.0 165 
3846 1.0 28 
3847 1.0 104 
3848 1.0 161 
3849 1.0 186 
3850 1.0 84 
3851 1.0 161 
3852 1.0 136 
3853 1.0 145 
3854 1.0 339 
3855 1.0 135 
3856 1.0 157 
3857 1.0 97 
3858 1.0 86 
3859 1.0 178 
3860 1.0 123 
3861 1.0 266 
3862 1.0 85 
3863 1.0 136 
3864 1.0 150 
3865 1.0 150 
3866 1.0 270 
3867 1.0 155 
3868 1.0 146 
3869 1.0 111 
3870 1.0 191 
3871 1.0 43 
3872 1.0 250 
3873 1.0 242 
3874 1.0 31 
3875 1.0 52 
3876 1.0 83 
3877 1.0 106 
3878 1.0 156 
3879 1.0 107 
3880 1.0 97 
3881 1.0 244 
3882 1.0 145 
3883 1.0 143 
3884 1.0 118 
3885 1.0 29 
3886 1.0 18 
3887 1.0 136 
3888 1.0 169 
3889 1.0 67 
3890 1.0 63 
3891 1.0 238 
3892 1.0 127 
3893 1.0 103 
3894 1.0 237 
3895 1.0 59 
3896 1.0 165 
3897 1.0 120 
3898 1.0 151 
3899 1.0 96 
3900 1.0 115 
3901 1.0 141 
3902 1.0 87 
3903 1.0 110 
3904 1.0 108 
3905 1.0 113 
3906 1.0 100 
3907 1.0 138 
3908 1.0 127 
3909 1.0 244 
3910 1.0 140 
3911 1.0 222 
3912 1.0 119 
3913 1.0 27 
3914 1.0 106 
3915 1.0 34 
3916 1.0 12 
3917 1.0 25 
3918 1.0 27 
3919 1.0 208 
3920 1.0 52 
3921 1.0 184 
3922 1.0 50 
3923 1.0 53 
3924 1.0 101 
3925 1.0 186 
3926 1.0 325 
3927 1.0 41 
3928 1.0 281 
3929 1.0 48 
3930 1.0 43 
3931 1.0 53 
3932 1.0 133 
3933 1.0 60 
3934 1.0 82 
3935 1.0 48 
3936 1.0 47 
3937 1.0 261 
3938 1.0 175 
3939 1.0 122 
3940 1.0 395 
3941 1.0 149 
3942 1.0 59 
3943 1.0 118 
3944 1.0 160 
3945 1.0 121 
3946 1.0 116 
3947 1.0 152 
3948 1.0 149 
3949 1.0 115 
3950 1.0 85 
3951 1.0 66 
3952 1.0 375 
3953 1.0 136 
3954 1.0 154 
3955 1.0 137 
3956 1.0 139 
3957 1.0 107 
3958 1.0 316 
3959 1.0 500 
3960 1.0 183 
3961 1.0 500 
3962 1.0 222 
3963 1.0 127 
3964 1.0 240 
3965 1.0 500 
3966 1.0 467 
3967 1.0 157 
3968 1.0 157 
3969 1.0 295 
3970 1.0 201 
3971 1.0 279 
3972 1.0 130 
3973 1.0 308 
3974 1.0 110 
3975 1.0 281 
3976 1.0 401 
3977 1.0 500 
3978 1.0 230 
3979 1.0 418 
3980 1.0 144 
3981 1.0 273 
3982 1.0 33 
3983 1.0 352 
3984 1.0 153 
3985 1.0 19 
3986 1.0 94 
3987 1.0 168 
3988 1.0 131 
3989 1.0 98 
3990 1.0 344 
3991 1.0 185 
3992 1.0 367 
3993 1.0 500 
3994 1.0 500 
3995 1.0 224 
3996 1.0 328 
3997 1.0 500 
3998 1.0 175 
3999 1.0 242 
4000 1.0 243 
4001 1.0 193 
4002 1.0 152 
4003 1.0 175 
4004 1.0 346 
4005 1.0 500 
4006 1.0 404 
4007 1.0 163 
4008 1.0 350 
4009 1.0 320 
4010 1.0 144 
4011 1.0 211 
4012 1.0 192 
4013 1.0 139 
4014 1.0 265 
4015 1.0 230 
4016 1.0 500 
4017 1.0 327 
4018 1.0 140 
4019 1.0 278 
4020 1.0 160 
4021 1.0 196 
4022 1.0 184 
4023 1.0 215 
4024 1.0 180 
4025 1.0 263 
4026 1.0 343 
4027 1.0 439 
4028 1.0 500 
4029 1.0 500 
4030 1.0 163 
4031 1.0 159 
4032 1.0 286 
4033 1.0 317 
4034 1.0 205 
4035 1.0 157 
4036 1.0 235 
4037 1.0 171 
4038 1.0 156 
4039 1.0 239 
4040 1.0 310 
4041 1.0 434 
4042 1.0 500 
4043 1.0 500 
4044 1.0 500 
4045 1.0 150 
4046 1.0 297 
4047 1.0 500 
4048 1.0 142 
4049 1.0 181 
4050 1.0 168 
4051 1.0 177 
4052 1.0 116 
4053 1.0 151 
4054 1.0 144 
4055 1.0 120 
4056 1.0 150 
4057 1.0 231 
4058 1.0 121 
4059 1.0 127 
4060 1.0 500 
4061 1.0 173 
4062 1.0 154 
4063 1.0 123 
4064 1.0 156 
4065 1.0 134 
4066 1.0 144 
4067 1.0 156 
4068 1.0 123 
4069 1.0 163 
4070 1.0 112 
4071 1.0 103 
4072 1.0 500 
4073 1.0 116 
4074 1.0 338 
4075 1.0 101 
4076 1.0 126 
4077 1.0 467 
4078 1.0 35 
4079 1.0 182 
4080 1.0 117 
4081 1.0 167 
4082 1.0 118 
4083 1.0 114 
4084 1.0 129 
4085 1.0 135 
4086 1.0 150 
4087 1.0 125 
4088 1.0 119 
4089 1.0 124 
4090 1.0 145 
4091 1.0 160 
4092 1.0 125 
4093 1.0 154 
4094 1.0 173 
4095 1.0 134 
4096 1.0 220 
4097 1.0 223 
4098 1.0 158 
4099 1.0 138 
4100 1.0 148 
4101 1.0 132 
4102 1.0 119 
4103 1.0 429 
4104 1.0 159 
4105 1.0 198 
4106 1.0 232 
4107 1.0 208 
4108 1.0 13 
4109 1.0 227 
4110 1.0 262 
4111 1.0 146 
4112 1.0 106 
4113 1.0 97 
4114 1.0 324 
4115 1.0 229 
4116 1.0 131 
4117 1.0 135 
4118 1.0 131 
4119 1.0 131 
4120 1.0 184 
4121 1.0 191 
4122 1.0 190 
4123 1.0 132 
4124 1.0 359 
4125 1.0 188 
4126 1.0 172 
4127 1.0 126 
4128 1.0 324 
4129 1.0 143 
4130 1.0 167 
4131 1.0 107 
4132 1.0 127 
4133 1.0 117 
4134 1.0 206 
4135 1.0 131 
4136 1.0 226 
4137 1.0 97 
4138 1.0 171 
4139 1.0 175 
4140 1.0 242 
4141 1.0 187 
4142 1.0 127 
4143 1.0 309 
4144 1.0 184 
4145 1.0 128 
4146 1.0 101 
4147 1.0 132 
4148 1.0 204 
4149 1.0 147 
4150 1.0 212 
4151 1.0 374 
4152 1.0 178 
4153 1.0 176 
4154 1.0 182 
4155 1.0 120 
4156 1.0 130 
4157 1.0 120 
4158 1.0 128 
4159 1.0 122 
4160 1.0 124 
4161 1.0 120 
4162 1.0 99 
4163 1.0 95 
4164 1.0 107 
4165 1.0 99 
4166 1.0 17 
4167 1.0 101 
4168 1.0 57 
4169 1.0 39 
4170 1.0 178 
4171 1.0 253 
4172 1.0 108 
4173 1.0 96 
4174 1.0 259 
4175 1.0 175 
4176 1.0 145 
4177 1.0 26 
4178 1.0 107 
4179 1.0 106 
4180 1.0 93 
4181 1.0 38 
4182 1.0 160 
4183 1.0 95 
4184 1.0 13 
4185 1.0 10 
4186 1.0 197 
4187 1.0 123 
4188 1.0 118 
4189 1.0 119 
4190 1.0 13 
4191 1.0 120 
4192 1.0 202 
4193 1.0 104 
4194 1.0 108 
4195 1.0 127 
4196 1.0 125 
4197 1.0 102 
4198 1.0 150 
4199 1.0 128 
4200 1.0 117 
4201 1.0 132 
4202 1.0 123 
4203 1.0 124 
4204 1.0 148 
4205 1.0 142 
4206 1.0 161 
4207 1.0 280 
4208 1.0 136 
4209 1.0 160 
4210 1.0 10 
4211 1.0 109 
4212 1.0 107 
4213 1.0 127 
4214 1.0 23 
4215 1.0 128 
4216 1.0 104 
4217 1.0 105 
4218 1.0 32 
4219 1.0 106 
4220 1.0 106 
4221 1.0 120 
4222 1.0 151 
4223 1.0 112 
4224 1.0 146 
4225 1.0 164 
4226 1.0 131 
4227 1.0 108 
4228 1.0 255 
4229 1.0 115 
4230 1.0 156 
4231 1.0 216 
4232 1.0 130 
4233 1.0 115 
4234 1.0 254 
4235 1.0 127 
4236 1.0 10 
4237 1.0 213 
4238 1.0 105 
4239 1.0 132 
4240 1.0 9 
4241 1.0 121 
4242 1.0 10 
4243 1.0 9 
4244 1.0 9 
4245 1.0 144 
4246 1.0 500 
4247 1.0 134 
4248 1.0 156 
4249 1.0 161 
4250 1.0 168 
4251 1.0 15 
4252 1.0 111 
4253 1.0 123 
4254 1.0 115 
4255 1.0 103 
4256 1.0 119 
4257 1.0 231 
4258 1.0 164 
4259 1.0 86 
4260 1.0 500 
4261 1.0 164 
4262 1.0 500 
4263 1.0 56 
4264 1.0 417 
4265 1.0 184 
4266 1.0 124 
4267 1.0 234 
4268 1.0 126 
4269 1.0 125 
4270 1.0 113 
4271 1.0 140 
4272 1.0 154 
4273 1.0 98 
4274 1.0 138 
4275 1.0 114 
4276 1.0 152 
4277 1.0 146 
4278 1.0 228 
4279 1.0 157 
4280 1.0 209 
4281 1.0 150 
4282 1.0 192 
4283 1.0 124 
4284 1.0 177 
4285 1.0 500 
4286 1.0 238 
4287 1.0 133 
4288 1.0 114 
4289 1.0 118 
4290 1.0 101 
4291 1.0 10 
4292 1.0 95 
4293 1.0 125 
4294 1.0 137 
4295 1.0 98 
4296 1.0 138 
4297 1.0 155 
4298 1.0 226 
4299 1.0 125 
4300 1.0 202 
4301 1.0 202 
4302 1.0 162 
4303 1.0 142 
4304 1.0 186 
4305 1.0 207 
4306 1.0 125 
4307 1.0 150 
4308 1.0 260 
4309 1.0 141 
4310 1.0 92 
4311 1.0 123 
4312 1.0 108 
4313 1.0 109 
4314 1.0 103 
4315 1.0 125 
4316 1.0 108 
4317 1.0 101 
4318 1.0 107 
4319 1.0 122 
4320 1.0 194 
4321 1.0 112 
4322 1.0 121 
4323 1.0 115 
4324 1.0 137 
4325 1.0 155 
4326 1.0 160 
4327 1.0 500 
4328 1.0 112 
4329 1.0 175 
4330 1.0 198 
4331 1.0 119 
4332 1.0 134 
4333 1.0 110 
4334 1.0 122 
4335 1.0 152 
4336 1.0 135 
4337 1.0 209 
4338 1.0 235 
4339 1.0 500 
4340 1.0 231 
4341 1.0 266 
4342 1.0 221 
4343 1.0 500 
4344 1.0 159 
4345 1.0 147 
4346 1.0 183 
4347 1.0 180 
4348 1.0 500 
4349 1.0 190 
4350 1.0 156 
4351 1.0 254 
4352 1.0 182 
4353 1.0 398 
4354 1.0 260 
4355 1.0 170 
4356 1.0 191 
4357 1.0 178 
4358 1.0 237 
4359 1.0 181 
4360 1.0 154 
4361 1.0 500 
4362 1.0 234 
4363 1.0 123 
4364 1.0 195 
4365 1.0 235 
4366 1.0 500 
4367 1.0 372 
4368 1.0 334 
4369 1.0 220 
4370 1.0 253 
4371 1.0 172 
4372 1.0 294 
4373 1.0 415 
4374 1.0 149 
4375 1.0 132 
4376 1.0 129 
4377 1.0 151 
4378 1.0 122 
4379 1.0 222 
4380 1.0 222 
4381 1.0 174 
4382 1.0 165 
4383 1.0 259 
4384 1.0 256 
4385 1.0 218 
4386 1.0 140 
4387 1.0 306 
4388 1.0 133 
4389 1.0 500 
4390 1.0 236 
4391 1.0 189 
4392 1.0 119 
4393 1.0 171 
4394 1.0 220 
4395 1.0 161 
4396 1.0 146 
4397 1.0 130 
4398 1.0 146 
4399 1.0 256 
4400 1.0 172 
4401 1.0 207 
4402 1.0 252 
4403 1.0 138 
4404 1.0 155 
4405 1.0 145 
4406 1.0 122 
4407 1.0 114 
4408 1.0 183 
4409 1.0 244 
4410 1.0 203 
4411 1.0 212 
4412 1.0 169 
4413 1.0 325 
4414 1.0 225 
4415 1.0 220 
4416 1.0 144 
4417 1.0 192 
4418 1.0 175 
4419 1.0 133 
4420 1.0 238 
4421 1.0 181 
4422 1.0 216 
4423 1.0 167 
4424 1.0 191 
4425 1.0 115 
4426 1.0 188 
4427 1.0 111 
4428 1.0 146 
4429 1.0 152 
4430 1.0 248 
4431 1.0 82 
4432 1.0 27 
4433 1.0 118 
4434 1.0 120 
4435 1.0 126 
4436 1.0 127 
4437 1.0 84 
4438 1.0 15 
4439 1.0 88 
4440 1.0 13 
4441 1.0 12 
4442 1.0 120 
4443 1.0 17 
4444 1.0 120 
4445 1.0 16 
4446 1.0 120 
4447 1.0 129 
4448 1.0 150 
4449 1.0 129 
4450 1.0 165 
4451 1.0 142 
4452 1.0 132 
4453 1.0 152 
4454 1.0 149 
4455 1.0 145 
4456 1.0 153 
4457 1.0 198 
4458 1.0 270 
4459 1.0 158 
4460 1.0 211 
4461 1.0 220 
4462 1.0 203 
4463 1.0 154 
4464 1.0 301 
4465 1.0 128 
4466 1.0 175 
4467 1.0 199 
4468 1.0 232 
4469 1.0 136 
4470 1.0 119 
4471 1.0 16 
4472 1.0 131 
4473 1.0 76 
4474 1.0 165 
4475 1.0 233 
4476 1.0 28 
4477 1.0 139 
4478 1.0 207 
4479 1.0 146 
4480 1.0 140 
4481 1.0 162 
4482 1.0 158 
4483 1.0 123 
4484 1.0 184 
4485 1.0 186 
4486 1.0 180 
4487 1.0 323 
4488 1.0 404 
4489 1.0 223 
4490 1.0 203 
4491 1.0 246 
4492 1.0 210 
4493 1.0 30 
4494 1.0 136 
4495 1.0 150 
4496 1.0 67 
4497 1.0 121 
4498 1.0 124 
4499 1.0 91 
4500 1.0 153 
4501 1.0 117 
4502 1.0 162 
4503 1.0 18 
4504 1.0 163 
4505 1.0 190 
4506 1.0 13 
4507 1.0 17 
4508 1.0 89 
4509 1.0 114 
4510 1.0 96 
4511 1.0 122 
4512 1.0 112 
4513 1.0 99 
4514 1.0 119 
4515 1.0 109 
4516 1.0 110 
4517 1.0 235 
4518 1.0 122 
4519 1.0 113 
4520 1.0 114 
4521 1.0 83 
4522 1.0 82 
4523 1.0 124 
4524 1.0 133 
4525 1.0 205 
4526 1.0 180 
4527 1.0 126 
4528 1.0 212 
4529 1.0 142 
4530 1.0 137 
4531 1.0 145 
4532 1.0 116 
4533 1.0 190 
4534 1.0 114 
4535 1.0 108 
4536 1.0 52 
4537 1.0 126 
4538 1.0 129 
4539 1.0 61 
4540 1.0 105 
4541 1.0 112 
4542 1.0 123 
4543 1.0 127 
4544 1.0 62 
4545 1.0 95 
4546 1.0 130 
4547 1.0 58 
4548 1.0 171 
4549 1.0 156 
4550 1.0 90 
4551 1.0 179 
4552 1.0 141 
4553 1.0 115 
4554 1.0 104 
4555 1.0 10 
4556 1.0 87 
4557 1.0 12 
4558 1.0 92 
4559 1.0 90 
4560 1.0 129 
4561 1.0 129 
4562 1.0 137 
4563 1.0 130 
4564 1.0 148 
4565 1.0 137 
4566 1.0 136 
4567 1.0 86 
4568 1.0 13 
4569 1.0 107 
4570 1.0 178 
4571 1.0 83 
4572 1.0 80 
4573 1.0 125 
4574 1.0 95 
4575 1.0 107 
4576 1.0 96 
4577 1.0 215 
4578 1.0 288 
4579 1.0 227 
4580 1.0 140 
4581 1.0 277 
4582 1.0 143 
4583 1.0 87 
4584 1.0 110 
4585 1.0 125 
4586 1.0 147 
4587 1.0 104 
4588 1.0 128 
4589 1.0 169 
4590 1.0 131 
4591 1.0 351 
4592 1.0 108 
4593 1.0 149 
4594 1.0 185 
4595 1.0 104 
4596 1.0 296 
4597 1.0 127 
4598 1.0 99 
4599 1.0 135 
4600 1.0 123 
4601 1.0 112 
4602 1.0 97 
4603 1.0 123 
4604 1.0 116 
4605 1.0 114 
4606 1.0 22 
4607 1.0 247 
4608 1.0 138 
4609 1.0 208 
4610 1.0 167 
4611 1.0 137 
4612 1.0 92 
4613 1.0 103 
4614 1.0 130 
4615 1.0 135 
4616 1.0 29 
4617 1.0 153 
4618 1.0 18 
4619 1.0 94 
4620 1.0 181 
4621 1.0 113 
4622 1.0 107 
4623 1.0 100 
4624 1.0 105 
4625 1.0 125 
4626 1.0 119 
4627 1.0 96 
4628 1.0 93 
4629 1.0 125 
4630 1.0 109 
4631 1.0 94 
4632 1.0 87 
4633 1.0 89 
4634 1.0 138 
4635 1.0 210 
4636 1.0 100 
4637 1.0 118 
4638 1.0 201 
4639 1.0 309 
4640 1.0 134 
4641 1.0 208 
4642 1.0 102 
4643 1.0 111 
4644 1.0 108 
4645 1.0 115 
4646 1.0 101 
4647 1.0 127 
4648 1.0 148 
4649 1.0 109 
4650 1.0 109 
4651 1.0 111 
4652 1.0 100 
4653 1.0 102 
4654 1.0 106 
4655 1.0 94 
4656 1.0 102 
4657 1.0 126 
4658 1.0 104 
4659 1.0 99 
4660 1.0 95 
4661 1.0 100 
4662 1.0 106 
4663 1.0 112 
4664 1.0 122 
4665 1.0 124 
4666 1.0 134 
4667 1.0 119 
4668 1.0 161 
4669 1.0 112 
4670 1.0 212 
4671 1.0 178 
4672 1.0 194 
4673 1.0 250 
4674 1.0 110 
4675 1.0 28 
4676 1.0 107 
4677 1.0 104 
4678 1.0 17 
4679 1.0 129 
4680 1.0 38 
4681 1.0 147 
4682 1.0 144 
4683 1.0 165 
4684 1.0 192 
4685 1.0 153 
4686 1.0 220 
4687 1.0 136 
4688 1.0 244 
4689 1.0 161 
4690 1.0 149 
4691 1.0 133 
4692 1.0 221 
4693 1.0 193 
4694 1.0 154 
4695 1.0 201 
4696 1.0 242 
4697 1.0 258 
4698 1.0 99 
4699 1.0 146 
4700 1.0 133 
4701 1.0 152 
4702 1.0 136 
4703 1.0 170 
4704 1.0 174 
4705 1.0 187 
4706 1.0 167 
4707 1.0 248 
4708 1.0 210 
4709 1.0 170 
4710 1.0 138 
4711 1.0 142 
4712 1.0 12 
4713 1.0 17 
4714 1.0 151 
4715 1.0 125 
4716 1.0 126 
4717 1.0 138 
4718 1.0 152 
4719 1.0 151 
4720 1.0 148 
4721 1.0 135 
4722 1.0 267 
4723 1.0 190 
4724 1.0 126 
4725 1.0 170 
4726 1.0 206 
4727 1.0 125 
4728 1.0 134 
4729 1.0 168 
4730 1.0 206 
4731 1.0 174 
4732 1.0 128 
4733 1.0 260 
4734 1.0 153 
4735 1.0 306 
4736 1.0 198 
4737 1.0 158 
4738 1.0 218 
4739 1.0 114 
4740 1.0 129 
4741 1.0 292 
4742 1.0 231 
4743 1.0 181 
4744 1.0 164 
4745 1.0 141 
4746 1.0 147 
4747 1.0 169 
4748 1.0 153 
4749 1.0 203 
4750 1.0 202 
4751 1.0 301 
4752 1.0 149 
4753 1.0 136 
4754 1.0 117 
4755 1.0 119 
4756 1.0 184 
4757 1.0 131 
4758 1.0 133 
4759 1.0 179 
4760 1.0 131 
4761 1.0 161 
4762 1.0 182 
4763 1.0 130 
4764 1.0 266 
4765 1.0 144 
4766 1.0 143 
4767 1.0 119 
4768 1.0 109 
4769 1.0 114 
4770 1.0 109 
4771 1.0 96 
4772 1.0 112 
4773 1.0 111 
4774 1.0 112 
4775 1.0 115 
4776 1.0 117 
4777 1.0 111 
4778 1.0 103 
4779 1.0 107 
4780 1.0 114 
4781 1.0 109 
4782 1.0 106 
4783 1.0 111 
4784 1.0 104 
4785 1.0 122 
4786 1.0 105 
4787 1.0 195 
4788 1.0 218 
4789 1.0 112 
4790 1.0 191 
4791 1.0 196 
4792 1.0 171 
4793 1.0 150 
4794 1.0 117 
4795 1.0 260 
4796 1.0 125 
4797 1.0 280 
4798 1.0 150 
4799 1.0 107 
4800 1.0 178 
4801 1.0 131 
4802 1.0 226 
4803 1.0 262 
4804 1.0 199 
4805 1.0 134 
4806 1.0 180 
4807 1.0 220 
4808 1.0 186 
4809 1.0 279 
4810 1.0 211 
4811 1.0 210 
4812 1.0 138 
4813 1.0 183 
4814 1.0 236 
4815 1.0 166 
4816 1.0 318 
4817 1.0 282 
4818 1.0 135 
4819 1.0 208 
4820 1.0 147 
4821 1.0 227 
4822 1.0 329 
4823 1.0 221 
4824 1.0 364 
4825 1.0 142 
4826 1.0 204 
4827 1.0 313 
4828 1.0 132 
4829 1.0 212 
4830 1.0 206 
4831 1.0 225 
4832 1.0 300 
4833 1.0 273 
4834 1.0 183 
4835 1.0 130 
4836 1.0 165 
4837 1.0 245 
4838 1.0 224 
4839 1.0 275 
4840 1.0 262 
4841 1.0 126 
4842 1.0 158 
4843 1.0 226 
4844 1.0 214 
4845 1.0 164 
4846 1.0 141 
4847 1.0 191 
4848 1.0 185 
4849 1.0 245 
4850 1.0 178 
4851 1.0 348 
4852 1.0 174 
4853 1.0 245 
4854 1.0 196 
4855 1.0 302 
4856 1.0 216 
4857 1.0 146 
4858 1.0 159 
4859 1.0 232 
4860 1.0 126 
4861 1.0 148 
4862 1.0 143 
4863 1.0 190 
4864 1.0 187 
4865 1.0 155 
4866 1.0 121 
4867 1.0 140 
4868 1.0 127 
4869 1.0 220 
4870 1.0 179 
4871 1.0 123 
4872 1.0 302 
4873 1.0 134 
4874 1.0 128 
4875 1.0 12 
4876 1.0 110 
4877 1.0 9 
4878 1.0 107 
4879 1.0 94 
4880 1.0 98 
4881 1.0 148 
4882 1.0 118 
4883 1.0 126 
4884 1.0 143 
4885 1.0 129 
4886 1.0 139 
4887 1.0 125 
4888 1.0 279 
4889 1.0 270 
4890 1.0 309 
4891 1.0 292 
4892 1.0 194 
4893 1.0 180 
4894 1.0 237 
4895 1.0 268 
4896 1.0 141 
4897 1.0 156 
4898 1.0 137 
4899 1.0 332 
4900 1.0 257 
4901 1.0 411 
4902 1.0 223 
4903 1.0 184 
4904 1.0 135 
4905 1.0 255 
4906 1.0 212 
4907 1.0 258 
4908 1.0 152 
4909 1.0 157 
4910 1.0 175 
4911 1.0 124 
4912 1.0 121 
4913 1.0 15 
4914 1.0 160 
4915 1.0 159 
4916 1.0 130 
4917 1.0 129 
4918 1.0 115 
4919 1.0 189 
4920 1.0 120 
4921 1.0 193 
4922 1.0 136 
4923 1.0 163 
4924 1.0 131 
4925 1.0 149 
4926 1.0 155 
4927 1.0 282 
4928 1.0 165 
4929 1.0 164 
4930 1.0 139 
4931 1.0 114 
4932 1.0 127 
4933 1.0 205 
4934 1.0 344 
4935 1.0 166 
4936 1.0 234 
4937 1.0 218 
4938 1.0 240 
4939 1.0 155 
4940 1.0 146 
4941 1.0 207 
4942 1.0 225 
4943 1.0 224 
4944 1.0 148 
4945 1.0 175 
4946 1.0 183 
4947 1.0 111 
4948 1.0 105 
4949 1.0 140 
4950 1.0 131 
4951 1.0 124 
4952 1.0 124 
4953 1.0 137 
4954 1.0 106 
4955 1.0 182 
4956 1.0 142 
4957 1.0 276 
4958 1.0 270 
4959 1.0 159 
4960 1.0 218 
4961 1.0 190 
4962 1.0 120 
4963 1.0 138 
4964 1.0 297 
4965 1.0 186 
4966 1.0 237 
4967 1.0 185 
4968 1.0 142 
4969 1.0 123 
4970 1.0 125 
4971 1.0 132 
4972 1.0 178 
4973 1.0 194 
4974 1.0 219 
4975 1.0 185 
4976 1.0 199 
4977 1.0 167 
4978 1.0 138 
4979 1.0 132 
4980 1.0 130 
4981 1.0 121 
4982 1.0 138 
4983 1.0 163 
4984 1.0 120 
4985 1.0 236 
4986 1.0 144 
4987 1.0 223 
4988 1.0 99 
4989 1.0 178 
4990 1.0 187 
4991 1.0 141 
4992 1.0 127 
4993 1.0 167 
4994 1.0 162 
4995 1.0 143 
4996 1.0 159 
4997 1.0 111 
4998 1.0 112 
4999 1.0 124 
5000 1.0 180 
