0 1.0 9 
1 1.0 10 
2 1.0 9 
3 1.0 9 
4 1.0 10 
5 1.0 10 
6 1.0 9 
7 1.0 11 
8 1.0 11 
9 1.0 9 
10 1.0 9 
11 1.0 9 
12 1.0 11 
13 1.0 9 
14 1.0 8 
15 1.0 9 
16 1.0 8 
17 1.0 9 
18 1.0 9 
19 1.0 10 
20 1.0 8 
21 1.0 10 
22 1.0 10 
23 1.0 10 
24 1.0 10 
25 1.0 8 
26 1.0 10 
27 1.0 9 
28 1.0 11 
29 1.0 8 
30 1.0 10 
31 1.0 10 
32 1.0 9 
33 1.0 8 
34 1.0 10 
35 1.0 9 
36 1.0 11 
37 1.0 9 
38 1.0 9 
39 1.0 10 
40 1.0 10 
41 1.0 10 
42 1.0 10 
43 1.0 12 
44 1.0 10 
45 1.0 10 
46 1.0 10 
47 1.0 10 
48 1.0 10 
49 1.0 9 
50 1.0 8 
51 1.0 11 
52 1.0 10 
53 1.0 8 
54 1.0 10 
55 1.0 8 
56 1.0 8 
57 1.0 10 
58 1.0 9 
59 1.0 9 
60 1.0 9 
61 1.0 8 
62 1.0 11 
63 1.0 11 
64 1.0 9 
65 1.0 9 
66 1.0 10 
67 1.0 11 
68 1.0 11 
69 1.0 10 
70 1.0 8 
71 1.0 9 
72 1.0 10 
73 1.0 11 
74 1.0 10 
75 1.0 8 
76 1.0 11 
77 1.0 11 
78 1.0 8 
79 1.0 11 
80 1.0 10 
81 1.0 12 
82 1.0 12 
83 1.0 9 
84 1.0 11 
85 1.0 11 
86 1.0 9 
87 1.0 11 
88 1.0 11 
89 1.0 9 
90 1.0 10 
91 1.0 9 
92 1.0 12 
93 1.0 10 
94 1.0 12 
95 1.0 11 
96 1.0 11 
97 1.0 9 
98 1.0 10 
99 1.0 12 
100 1.0 14 
101 1.0 9 
102 1.0 11 
103 1.0 8 
104 1.0 12 
105 1.0 11 
106 1.0 14 
107 1.0 11 
108 1.0 10 
109 1.0 10 
110 1.0 10 
111 1.0 16 
112 1.0 16 
113 1.0 12 
114 1.0 12 
115 1.0 9 
116 1.0 13 
117 1.0 10 
118 1.0 18 
119 1.0 16 
120 1.0 11 
121 1.0 13 
122 1.0 10 
123 1.0 16 
124 1.0 18 
125 1.0 13 
126 1.0 9 
127 1.0 19 
128 1.0 13 
129 1.0 17 
130 1.0 16 
131 1.0 17 
132 1.0 14 
133 1.0 13 
134 1.0 13 
135 1.0 14 
136 1.0 14 
137 1.0 22 
138 1.0 20 
139 1.0 18 
140 1.0 16 
141 1.0 21 
142 1.0 15 
143 1.0 26 
144 1.0 23 
145 1.0 13 
146 1.0 17 
147 1.0 20 
148 1.0 16 
149 1.0 13 
150 1.0 28 
151 1.0 22 
152 1.0 16 
153 1.0 29 
154 1.0 14 
155 1.0 17 
156 1.0 15 
157 1.0 15 
158 1.0 25 
159 1.0 18 
160 1.0 16 
161 1.0 21 
162 1.0 26 
163 1.0 20 
164 1.0 24 
165 1.0 21 
166 1.0 18 
167 1.0 22 
168 1.0 25 
169 1.0 18 
170 1.0 21 
171 1.0 17 
172 1.0 20 
173 1.0 24 
174 1.0 24 
175 1.0 20 
176 1.0 16 
177 1.0 21 
178 1.0 20 
179 1.0 23 
180 1.0 31 
181 1.0 16 
182 1.0 23 
183 1.0 19 
184 1.0 20 
185 1.0 22 
186 1.0 32 
187 1.0 24 
188 1.0 25 
189 1.0 25 
190 1.0 18 
191 1.0 22 
192 1.0 23 
193 1.0 25 
194 1.0 29 
195 1.0 24 
196 1.0 28 
197 1.0 27 
198 1.0 26 
199 1.0 25 
200 1.0 30 
201 1.0 43 
202 1.0 23 
203 1.0 24 
204 1.0 25 
205 1.0 21 
206 1.0 17 
207 1.0 30 
208 1.0 17 
209 1.0 26 
210 1.0 19 
211 1.0 42 
212 1.0 38 
213 1.0 19 
214 1.0 19 
215 1.0 50 
216 1.0 19 
217 1.0 25 
218 1.0 34 
219 1.0 31 
220 1.0 41 
221 1.0 26 
222 1.0 24 
223 1.0 30 
224 1.0 31 
225 1.0 17 
226 1.0 19 
227 1.0 47 
228 1.0 21 
229 1.0 41 
230 1.0 47 
231 1.0 41 
232 1.0 22 
233 1.0 31 
234 1.0 31 
235 1.0 53 
236 1.0 58 
237 1.0 34 
238 1.0 29 
239 1.0 12 
240 1.0 41 
241 1.0 40 
242 1.0 82 
243 1.0 46 
244 1.0 32 
245 1.0 64 
246 1.0 67 
247 1.0 75 
248 1.0 134 
249 1.0 48 
250 1.0 40 
251 1.0 9 
252 1.0 10 
253 1.0 10 
254 1.0 16 
255 1.0 9 
256 1.0 9 
257 1.0 10 
258 1.0 10 
259 1.0 9 
260 1.0 10 
261 1.0 9 
262 1.0 10 
263 1.0 9 
264 1.0 38 
265 1.0 10 
266 1.0 10 
267 1.0 10 
268 1.0 78 
269 1.0 45 
270 1.0 20 
271 1.0 24 
272 1.0 51 
273 1.0 11 
274 1.0 9 
275 1.0 11 
276 1.0 28 
277 1.0 9 
278 1.0 46 
279 1.0 36 
280 1.0 25 
281 1.0 29 
282 1.0 34 
283 1.0 12 
284 1.0 47 
285 1.0 59 
286 1.0 9 
287 1.0 11 
288 1.0 11 
289 1.0 19 
290 1.0 10 
291 1.0 8 
292 1.0 16 
293 1.0 16 
294 1.0 35 
295 1.0 58 
296 1.0 22 
297 1.0 11 
298 1.0 10 
299 1.0 34 
300 1.0 56 
301 1.0 37 
302 1.0 115 
303 1.0 36 
304 1.0 59 
305 1.0 78 
306 1.0 90 
307 1.0 132 
308 1.0 98 
309 1.0 128 
310 1.0 72 
311 1.0 66 
312 1.0 64 
313 1.0 61 
314 1.0 65 
315 1.0 128 
316 1.0 100 
317 1.0 177 
318 1.0 18 
319 1.0 12 
320 1.0 74 
321 1.0 108 
322 1.0 88 
323 1.0 19 
324 1.0 10 
325 1.0 147 
326 1.0 79 
327 1.0 162 
328 1.0 131 
329 1.0 121 
330 1.0 143 
331 1.0 131 
332 1.0 92 
333 1.0 10 
334 1.0 11 
335 1.0 31 
336 1.0 16 
337 1.0 64 
338 1.0 11 
339 1.0 25 
340 1.0 111 
341 1.0 10 
342 1.0 11 
343 1.0 18 
344 1.0 24 
345 1.0 25 
346 1.0 65 
347 1.0 24 
348 1.0 99 
349 1.0 10 
350 1.0 9 
351 1.0 9 
352 1.0 17 
353 1.0 20 
354 1.0 15 
355 1.0 19 
356 1.0 66 
357 1.0 24 
358 1.0 438 
359 1.0 21 
360 1.0 73 
361 1.0 20 
362 1.0 109 
363 1.0 132 
364 1.0 108 
365 1.0 68 
366 1.0 39 
367 1.0 144 
368 1.0 94 
369 1.0 58 
370 1.0 75 
371 1.0 139 
372 1.0 238 
373 1.0 86 
374 1.0 94 
375 1.0 91 
376 1.0 71 
377 1.0 115 
378 1.0 256 
379 1.0 16 
380 1.0 16 
381 1.0 19 
382 1.0 25 
383 1.0 20 
384 1.0 11 
385 1.0 64 
386 1.0 26 
387 1.0 115 
388 1.0 79 
389 1.0 144 
390 1.0 159 
391 1.0 23 
392 1.0 22 
393 1.0 56 
394 1.0 84 
395 1.0 172 
396 1.0 179 
397 1.0 174 
398 1.0 165 
399 1.0 244 
400 1.0 266 
401 1.0 147 
402 1.0 109 
403 1.0 153 
404 1.0 160 
405 1.0 141 
406 1.0 12 
407 1.0 10 
408 1.0 22 
409 1.0 29 
410 1.0 12 
411 1.0 116 
412 1.0 119 
413 1.0 180 
414 1.0 11 
415 1.0 9 
416 1.0 53 
417 1.0 128 
418 1.0 56 
419 1.0 106 
420 1.0 141 
421 1.0 108 
422 1.0 28 
423 1.0 168 
424 1.0 128 
425 1.0 26 
426 1.0 71 
427 1.0 177 
428 1.0 136 
429 1.0 198 
430 1.0 136 
431 1.0 155 
432 1.0 240 
433 1.0 58 
434 1.0 153 
435 1.0 227 
436 1.0 34 
437 1.0 68 
438 1.0 61 
439 1.0 167 
440 1.0 68 
441 1.0 63 
442 1.0 154 
443 1.0 152 
444 1.0 157 
445 1.0 257 
446 1.0 193 
447 1.0 122 
448 1.0 182 
449 1.0 176 
450 1.0 156 
451 1.0 202 
452 1.0 182 
453 1.0 102 
454 1.0 34 
455 1.0 25 
456 1.0 25 
457 1.0 68 
458 1.0 180 
459 1.0 157 
460 1.0 205 
461 1.0 150 
462 1.0 135 
463 1.0 231 
464 1.0 334 
465 1.0 61 
466 1.0 121 
467 1.0 141 
468 1.0 221 
469 1.0 322 
470 1.0 198 
471 1.0 218 
472 1.0 139 
473 1.0 151 
474 1.0 241 
475 1.0 234 
476 1.0 146 
477 1.0 161 
478 1.0 157 
479 1.0 157 
480 1.0 179 
481 1.0 185 
482 1.0 11 
483 1.0 24 
484 1.0 104 
485 1.0 101 
486 1.0 153 
487 1.0 155 
488 1.0 112 
489 1.0 175 
490 1.0 142 
491 1.0 148 
492 1.0 13 
493 1.0 122 
494 1.0 9 
495 1.0 15 
496 1.0 119 
497 1.0 150 
498 1.0 94 
499 1.0 134 
500 1.0 152 
501 1.0 160 
502 1.0 192 
503 1.0 16 
504 1.0 133 
505 1.0 105 
506 1.0 118 
507 1.0 113 
508 1.0 115 
509 1.0 117 
510 1.0 96 
511 1.0 115 
512 1.0 165 
513 1.0 155 
514 1.0 192 
515 1.0 123 
516 1.0 10 
517 1.0 360 
518 1.0 125 
519 1.0 133 
520 1.0 198 
521 1.0 152 
522 1.0 149 
523 1.0 217 
524 1.0 194 
525 1.0 126 
526 1.0 174 
527 1.0 156 
528 1.0 147 
529 1.0 146 
530 1.0 159 
531 1.0 213 
532 1.0 138 
533 1.0 237 
534 1.0 157 
535 1.0 195 
536 1.0 149 
537 1.0 176 
538 1.0 149 
539 1.0 104 
540 1.0 141 
541 1.0 145 
542 1.0 125 
543 1.0 107 
544 1.0 154 
545 1.0 162 
546 1.0 127 
547 1.0 228 
548 1.0 243 
549 1.0 280 
550 1.0 239 
551 1.0 121 
552 1.0 135 
553 1.0 132 
554 1.0 177 
555 1.0 23 
556 1.0 31 
557 1.0 112 
558 1.0 128 
559 1.0 225 
560 1.0 12 
561 1.0 96 
562 1.0 23 
563 1.0 134 
564 1.0 124 
565 1.0 12 
566 1.0 27 
567 1.0 75 
568 1.0 120 
569 1.0 113 
570 1.0 118 
571 1.0 135 
572 1.0 138 
573 1.0 85 
574 1.0 119 
575 1.0 110 
576 1.0 160 
577 1.0 126 
578 1.0 224 
579 1.0 197 
580 1.0 150 
581 1.0 88 
582 1.0 88 
583 1.0 110 
584 1.0 237 
585 1.0 187 
586 1.0 155 
587 1.0 260 
588 1.0 249 
589 1.0 116 
590 1.0 129 
591 1.0 160 
592 1.0 114 
593 1.0 234 
594 1.0 120 
595 1.0 183 
596 1.0 197 
597 1.0 182 
598 1.0 121 
599 1.0 104 
600 1.0 186 
601 1.0 140 
602 1.0 116 
603 1.0 137 
604 1.0 325 
605 1.0 125 
606 1.0 172 
607 1.0 176 
608 1.0 205 
609 1.0 239 
610 1.0 171 
611 1.0 331 
612 1.0 125 
613 1.0 98 
614 1.0 151 
615 1.0 126 
616 1.0 135 
617 1.0 84 
618 1.0 143 
619 1.0 100 
620 1.0 117 
621 1.0 125 
622 1.0 92 
623 1.0 110 
624 1.0 116 
625 1.0 113 
626 1.0 116 
627 1.0 113 
628 1.0 101 
629 1.0 137 
630 1.0 139 
631 1.0 167 
632 1.0 119 
633 1.0 106 
634 1.0 107 
635 1.0 115 
636 1.0 241 
637 1.0 157 
638 1.0 238 
639 1.0 250 
640 1.0 127 
641 1.0 157 
642 1.0 178 
643 1.0 167 
644 1.0 214 
645 1.0 126 
646 1.0 185 
647 1.0 123 
648 1.0 162 
649 1.0 232 
650 1.0 168 
651 1.0 182 
652 1.0 272 
653 1.0 9 
654 1.0 466 
655 1.0 229 
656 1.0 204 
657 1.0 275 
658 1.0 225 
659 1.0 240 
660 1.0 156 
661 1.0 260 
662 1.0 338 
663 1.0 237 
664 1.0 163 
665 1.0 227 
666 1.0 142 
667 1.0 158 
668 1.0 158 
669 1.0 168 
670 1.0 216 
671 1.0 187 
672 1.0 164 
673 1.0 163 
674 1.0 232 
675 1.0 141 
676 1.0 150 
677 1.0 114 
678 1.0 221 
679 1.0 66 
680 1.0 95 
681 1.0 226 
682 1.0 18 
683 1.0 72 
684 1.0 165 
685 1.0 59 
686 1.0 194 
687 1.0 189 
688 1.0 207 
689 1.0 165 
690 1.0 287 
691 1.0 148 
692 1.0 211 
693 1.0 334 
694 1.0 224 
695 1.0 201 
696 1.0 25 
697 1.0 9 
698 1.0 34 
699 1.0 254 
700 1.0 168 
701 1.0 145 
702 1.0 10 
703 1.0 257 
704 1.0 10 
705 1.0 210 
706 1.0 187 
707 1.0 9 
708 1.0 91 
709 1.0 8 
710 1.0 107 
711 1.0 37 
712 1.0 174 
713 1.0 242 
714 1.0 248 
715 1.0 178 
716 1.0 166 
717 1.0 114 
718 1.0 215 
719 1.0 175 
720 1.0 300 
721 1.0 231 
722 1.0 201 
723 1.0 228 
724 1.0 415 
725 1.0 177 
726 1.0 198 
727 1.0 221 
728 1.0 198 
729 1.0 289 
730 1.0 351 
731 1.0 322 
732 1.0 163 
733 1.0 120 
734 1.0 171 
735 1.0 279 
736 1.0 197 
737 1.0 193 
738 1.0 263 
739 1.0 380 
740 1.0 194 
741 1.0 500 
742 1.0 232 
743 1.0 167 
744 1.0 181 
745 1.0 179 
746 1.0 216 
747 1.0 210 
748 1.0 492 
749 1.0 212 
750 1.0 207 
751 1.0 181 
752 1.0 152 
753 1.0 329 
754 1.0 173 
755 1.0 361 
756 1.0 308 
757 1.0 173 
758 1.0 128 
759 1.0 156 
760 1.0 287 
761 1.0 246 
762 1.0 213 
763 1.0 18 
764 1.0 152 
765 1.0 168 
766 1.0 184 
767 1.0 477 
768 1.0 134 
769 1.0 176 
770 1.0 135 
771 1.0 151 
772 1.0 154 
773 1.0 9 
774 1.0 152 
775 1.0 155 
776 1.0 137 
777 1.0 235 
778 1.0 385 
779 1.0 11 
780 1.0 133 
781 1.0 10 
782 1.0 96 
783 1.0 10 
784 1.0 9 
785 1.0 123 
786 1.0 152 
787 1.0 57 
788 1.0 70 
789 1.0 224 
790 1.0 184 
791 1.0 184 
792 1.0 146 
793 1.0 210 
794 1.0 260 
795 1.0 273 
796 1.0 205 
797 1.0 254 
798 1.0 197 
799 1.0 176 
800 1.0 241 
801 1.0 114 
802 1.0 214 
803 1.0 186 
804 1.0 144 
805 1.0 299 
806 1.0 261 
807 1.0 156 
808 1.0 227 
809 1.0 200 
810 1.0 150 
811 1.0 217 
812 1.0 203 
813 1.0 198 
814 1.0 119 
815 1.0 234 
816 1.0 141 
817 1.0 300 
818 1.0 180 
819 1.0 176 
820 1.0 178 
821 1.0 155 
822 1.0 177 
823 1.0 205 
824 1.0 200 
825 1.0 169 
826 1.0 183 
827 1.0 180 
828 1.0 270 
829 1.0 246 
830 1.0 186 
831 1.0 134 
832 1.0 150 
833 1.0 121 
834 1.0 131 
835 1.0 224 
836 1.0 216 
837 1.0 318 
838 1.0 226 
839 1.0 260 
840 1.0 224 
841 1.0 195 
842 1.0 209 
843 1.0 169 
844 1.0 248 
845 1.0 237 
846 1.0 193 
847 1.0 500 
848 1.0 289 
849 1.0 157 
850 1.0 134 
851 1.0 473 
852 1.0 253 
853 1.0 131 
854 1.0 177 
855 1.0 198 
856 1.0 255 
857 1.0 229 
858 1.0 227 
859 1.0 177 
860 1.0 159 
861 1.0 225 
862 1.0 87 
863 1.0 146 
864 1.0 142 
865 1.0 182 
866 1.0 321 
867 1.0 150 
868 1.0 144 
869 1.0 337 
870 1.0 156 
871 1.0 139 
872 1.0 181 
873 1.0 113 
874 1.0 145 
875 1.0 139 
876 1.0 180 
877 1.0 152 
878 1.0 133 
879 1.0 351 
880 1.0 123 
881 1.0 186 
882 1.0 119 
883 1.0 107 
884 1.0 144 
885 1.0 124 
886 1.0 131 
887 1.0 94 
888 1.0 12 
889 1.0 177 
890 1.0 237 
891 1.0 426 
892 1.0 158 
893 1.0 420 
894 1.0 139 
895 1.0 171 
896 1.0 164 
897 1.0 448 
898 1.0 342 
899 1.0 154 
900 1.0 392 
901 1.0 223 
902 1.0 133 
903 1.0 239 
904 1.0 234 
905 1.0 105 
906 1.0 343 
907 1.0 221 
908 1.0 116 
909 1.0 201 
910 1.0 286 
911 1.0 179 
912 1.0 217 
913 1.0 226 
914 1.0 500 
915 1.0 67 
916 1.0 113 
917 1.0 176 
918 1.0 293 
919 1.0 156 
920 1.0 345 
921 1.0 220 
922 1.0 468 
923 1.0 167 
924 1.0 173 
925 1.0 160 
926 1.0 270 
927 1.0 143 
928 1.0 117 
929 1.0 225 
930 1.0 134 
931 1.0 292 
932 1.0 151 
933 1.0 134 
934 1.0 195 
935 1.0 152 
936 1.0 98 
937 1.0 179 
938 1.0 201 
939 1.0 284 
940 1.0 159 
941 1.0 197 
942 1.0 159 
943 1.0 116 
944 1.0 93 
945 1.0 15 
946 1.0 155 
947 1.0 111 
948 1.0 227 
949 1.0 205 
950 1.0 167 
951 1.0 206 
952 1.0 163 
953 1.0 193 
954 1.0 184 
955 1.0 137 
956 1.0 25 
957 1.0 99 
958 1.0 276 
959 1.0 282 
960 1.0 139 
961 1.0 134 
962 1.0 233 
963 1.0 172 
964 1.0 83 
965 1.0 12 
966 1.0 103 
967 1.0 108 
968 1.0 145 
969 1.0 146 
970 1.0 156 
971 1.0 269 
972 1.0 38 
973 1.0 38 
974 1.0 106 
975 1.0 96 
976 1.0 25 
977 1.0 139 
978 1.0 33 
979 1.0 120 
980 1.0 266 
981 1.0 132 
982 1.0 154 
983 1.0 123 
984 1.0 155 
985 1.0 109 
986 1.0 122 
987 1.0 127 
988 1.0 118 
989 1.0 149 
990 1.0 20 
991 1.0 20 
992 1.0 23 
993 1.0 126 
994 1.0 23 
995 1.0 123 
996 1.0 272 
997 1.0 121 
998 1.0 214 
999 1.0 28 
1000 1.0 107 
