0 1.0 22
1 1.0 10 
2 1.0 8 
3 1.0 10 
4 1.0 10 
5 1.0 9 
6 1.0 9 
7 1.0 9 
8 1.0 10 
9 1.0 9 
10 1.0 8 
11 1.0 10 
12 1.0 9 
13 1.0 8 
14 1.0 11 
15 1.0 9 
16 1.0 10 
17 1.0 10 
18 1.0 9 
19 1.0 10 
20 1.0 13 
21 1.0 11 
22 1.0 11 
23 1.0 9 
24 1.0 12 
25 1.0 10 
26 1.0 8 
27 1.0 10 
28 1.0 10 
29 1.0 10 
30 1.0 11 
31 1.0 11 
32 1.0 11 
33 1.0 14 
34 1.0 11 
35 1.0 10 
36 1.0 10 
37 1.0 8 
38 1.0 9 
39 1.0 9 
40 1.0 11 
41 1.0 10 
42 1.0 9 
43 1.0 10 
44 1.0 11 
45 1.0 11 
46 1.0 10 
47 1.0 9 
48 1.0 9 
49 1.0 10 
50 1.0 11 
51 1.0 23 
52 1.0 13 
53 1.0 28 
54 1.0 18 
55 1.0 33 
56 1.0 15 
57 1.0 9 
58 1.0 10 
59 1.0 10 
60 1.0 17 
61 1.0 23 
62 1.0 16 
63 1.0 15 
64 1.0 17 
65 1.0 8 
66 1.0 51 
67 1.0 11 
68 1.0 9 
69 1.0 15 
70 1.0 51 
71 1.0 22 
72 1.0 12 
73 1.0 17 
74 1.0 41 
75 1.0 9 
76 1.0 14 
77 1.0 13 
78 1.0 11 
79 1.0 45 
80 1.0 40 
81 1.0 28 
82 1.0 8 
83 1.0 24 
84 1.0 16 
85 1.0 35 
86 1.0 20 
87 1.0 9 
88 1.0 12 
89 1.0 42 
90 1.0 12 
91 1.0 10 
92 1.0 21 
93 1.0 12 
94 1.0 8 
95 1.0 9 
96 1.0 9 
97 1.0 69 
98 1.0 56 
99 1.0 14 
100 1.0 56 
101 1.0 51 
102 1.0 20 
103 1.0 25 
104 1.0 43 
105 1.0 16 
106 1.0 14 
107 1.0 19 
108 1.0 11 
109 1.0 15 
110 1.0 16 
111 1.0 18 
112 1.0 14 
113 1.0 28 
114 1.0 18 
115 1.0 19 
116 1.0 54 
117 1.0 13 
118 1.0 16 
119 1.0 15 
120 1.0 14 
121 1.0 27 
122 1.0 24 
123 1.0 43 
124 1.0 20 
125 1.0 25 
126 1.0 34 
127 1.0 10 
128 1.0 9 
129 1.0 10 
130 1.0 9 
131 1.0 50 
132 1.0 30 
133 1.0 80 
134 1.0 67 
135 1.0 63 
136 1.0 31 
137 1.0 21 
138 1.0 14 
139 1.0 24 
140 1.0 10 
141 1.0 9 
142 1.0 9 
143 1.0 22 
144 1.0 33 
145 1.0 29 
146 1.0 24 
147 1.0 11 
148 1.0 16 
149 1.0 18 
150 1.0 22 
151 1.0 27 
152 1.0 15 
153 1.0 20 
154 1.0 18 
155 1.0 20 
156 1.0 34 
157 1.0 24 
158 1.0 19 
159 1.0 23 
160 1.0 14 
161 1.0 16 
162 1.0 21 
163 1.0 20 
164 1.0 18 
165 1.0 24 
166 1.0 31 
167 1.0 19 
168 1.0 19 
169 1.0 17 
170 1.0 18 
171 1.0 16 
172 1.0 14 
173 1.0 16 
174 1.0 16 
175 1.0 18 
176 1.0 22 
177 1.0 21 
178 1.0 24 
179 1.0 18 
180 1.0 28 
181 1.0 30 
182 1.0 24 
183 1.0 23 
184 1.0 22 
185 1.0 20 
186 1.0 25 
187 1.0 22 
188 1.0 27 
189 1.0 33 
190 1.0 24 
191 1.0 19 
192 1.0 20 
193 1.0 16 
194 1.0 18 
195 1.0 29 
196 1.0 29 
197 1.0 28 
198 1.0 79 
199 1.0 16 
200 1.0 20 
201 1.0 23 
202 1.0 89 
203 1.0 22 
204 1.0 24 
205 1.0 25 
206 1.0 75 
207 1.0 118 
208 1.0 82 
209 1.0 91 
210 1.0 81 
211 1.0 97 
212 1.0 77 
213 1.0 33 
214 1.0 97 
215 1.0 18 
216 1.0 47 
217 1.0 30 
218 1.0 49 
219 1.0 41 
220 1.0 66 
221 1.0 26 
222 1.0 18 
223 1.0 37 
224 1.0 33 
225 1.0 49 
226 1.0 21 
227 1.0 96 
228 1.0 46 
229 1.0 76 
230 1.0 55 
231 1.0 59 
232 1.0 34 
233 1.0 88 
234 1.0 49 
235 1.0 30 
236 1.0 48 
237 1.0 51 
238 1.0 75 
239 1.0 134 
240 1.0 48 
241 1.0 49 
242 1.0 11 
243 1.0 99 
244 1.0 13 
245 1.0 42 
246 1.0 20 
247 1.0 43 
248 1.0 29 
249 1.0 32 
250 1.0 59 
251 1.0 54 
252 1.0 38 
253 1.0 36 
254 1.0 64 
255 1.0 47 
256 1.0 33 
257 1.0 40 
258 1.0 29 
259 1.0 37 
260 1.0 54 
261 1.0 57 
262 1.0 38 
263 1.0 36 
264 1.0 85 
265 1.0 37 
266 1.0 52 
267 1.0 61 
268 1.0 46 
269 1.0 74 
270 1.0 76 
271 1.0 59 
272 1.0 96 
273 1.0 63 
274 1.0 54 
275 1.0 68 
276 1.0 72 
277 1.0 51 
278 1.0 50 
279 1.0 58 
280 1.0 78 
281 1.0 110 
282 1.0 91 
283 1.0 65 
284 1.0 71 
285 1.0 94 
286 1.0 55 
287 1.0 65 
288 1.0 83 
289 1.0 95 
290 1.0 89 
291 1.0 84 
292 1.0 88 
293 1.0 47 
294 1.0 59 
295 1.0 40 
296 1.0 56 
297 1.0 49 
298 1.0 70 
299 1.0 73 
300 1.0 92 
301 1.0 82 
302 1.0 73 
303 1.0 105 
304 1.0 81 
305 1.0 74 
306 1.0 80 
307 1.0 70 
308 1.0 101 
309 1.0 139 
310 1.0 101 
311 1.0 81 
312 1.0 94 
313 1.0 76 
314 1.0 123 
315 1.0 109 
316 1.0 124 
317 1.0 293 
318 1.0 102 
319 1.0 242 
320 1.0 158 
321 1.0 141 
322 1.0 202 
323 1.0 268 
324 1.0 211 
325 1.0 257 
326 1.0 223 
327 1.0 260 
328 1.0 321 
329 1.0 123 
330 1.0 142 
331 1.0 150 
332 1.0 99 
333 1.0 137 
334 1.0 73 
335 1.0 86 
336 1.0 91 
337 1.0 86 
338 1.0 105 
339 1.0 97 
340 1.0 138 
341 1.0 161 
342 1.0 129 
343 1.0 168 
344 1.0 97 
345 1.0 254 
346 1.0 166 
347 1.0 196 
348 1.0 190 
349 1.0 232 
350 1.0 109 
351 1.0 152 
352 1.0 200 
353 1.0 185 
354 1.0 121 
355 1.0 231 
356 1.0 133 
357 1.0 126 
358 1.0 113 
359 1.0 145 
360 1.0 183 
361 1.0 166 
362 1.0 252 
363 1.0 200 
364 1.0 150 
365 1.0 500 
366 1.0 162 
367 1.0 122 
368 1.0 137 
369 1.0 104 
370 1.0 136 
371 1.0 104 
372 1.0 87 
373 1.0 83 
374 1.0 111 
375 1.0 131 
376 1.0 291 
377 1.0 146 
378 1.0 96 
379 1.0 100 
380 1.0 101 
381 1.0 78 
382 1.0 102 
383 1.0 68 
384 1.0 95 
385 1.0 93 
386 1.0 149 
387 1.0 111 
388 1.0 110 
389 1.0 156 
390 1.0 97 
391 1.0 105 
392 1.0 492 
393 1.0 221 
394 1.0 91 
395 1.0 122 
396 1.0 89 
397 1.0 91 
398 1.0 85 
399 1.0 111 
400 1.0 77 
401 1.0 83 
402 1.0 113 
403 1.0 137 
404 1.0 109 
405 1.0 108 
406 1.0 113 
407 1.0 212 
408 1.0 132 
409 1.0 94 
410 1.0 136 
411 1.0 139 
412 1.0 158 
413 1.0 155 
414 1.0 166 
415 1.0 182 
416 1.0 90 
417 1.0 102 
418 1.0 307 
419 1.0 130 
420 1.0 322 
421 1.0 173 
422 1.0 300 
423 1.0 105 
424 1.0 95 
425 1.0 239 
426 1.0 190 
427 1.0 205 
428 1.0 124 
429 1.0 122 
430 1.0 113 
431 1.0 91 
432 1.0 100 
433 1.0 234 
434 1.0 140 
435 1.0 200 
436 1.0 172 
437 1.0 235 
438 1.0 146 
439 1.0 208 
440 1.0 157 
441 1.0 241 
442 1.0 175 
443 1.0 198 
444 1.0 120 
445 1.0 227 
446 1.0 244 
447 1.0 158 
448 1.0 149 
449 1.0 122 
450 1.0 195 
451 1.0 110 
452 1.0 151 
453 1.0 148 
454 1.0 195 
455 1.0 109 
456 1.0 167 
457 1.0 115 
458 1.0 223 
459 1.0 153 
460 1.0 150 
461 1.0 170 
462 1.0 169 
463 1.0 230 
464 1.0 150 
465 1.0 177 
466 1.0 54 
467 1.0 10 
468 1.0 9 
469 1.0 10 
470 1.0 158 
471 1.0 9 
472 1.0 10 
473 1.0 142 
474 1.0 197 
475 1.0 207 
476 1.0 122 
477 1.0 184 
478 1.0 155 
479 1.0 130 
480 1.0 130 
481 1.0 214 
482 1.0 143 
483 1.0 9 
484 1.0 111 
485 1.0 173 
486 1.0 150 
487 1.0 256 
488 1.0 219 
489 1.0 294 
490 1.0 123 
491 1.0 166 
492 1.0 204 
493 1.0 262 
494 1.0 247 
495 1.0 200 
496 1.0 385 
497 1.0 228 
498 1.0 250 
499 1.0 221 
500 1.0 205 
501 1.0 256 
502 1.0 196 
503 1.0 162 
504 1.0 138 
505 1.0 177 
506 1.0 151 
507 1.0 208 
508 1.0 500 
509 1.0 160 
510 1.0 358 
511 1.0 180 
512 1.0 143 
513 1.0 166 
514 1.0 407 
515 1.0 179 
516 1.0 161 
517 1.0 167 
518 1.0 148 
519 1.0 220 
520 1.0 126 
521 1.0 177 
522 1.0 153 
523 1.0 106 
524 1.0 10 
525 1.0 10 
526 1.0 126 
527 1.0 204 
528 1.0 155 
529 1.0 167 
530 1.0 188 
531 1.0 164 
532 1.0 247 
533 1.0 329 
534 1.0 194 
535 1.0 185 
536 1.0 169 
537 1.0 163 
538 1.0 302 
539 1.0 215 
540 1.0 221 
541 1.0 300 
542 1.0 189 
543 1.0 210 
544 1.0 174 
545 1.0 130 
546 1.0 148 
547 1.0 183 
548 1.0 128 
549 1.0 163 
550 1.0 148 
551 1.0 149 
552 1.0 157 
553 1.0 181 
554 1.0 148 
555 1.0 192 
556 1.0 133 
557 1.0 499 
558 1.0 325 
559 1.0 300 
560 1.0 272 
561 1.0 188 
562 1.0 235 
563 1.0 256 
564 1.0 269 
565 1.0 254 
566 1.0 367 
567 1.0 231 
568 1.0 318 
569 1.0 231 
570 1.0 395 
571 1.0 227 
572 1.0 374 
573 1.0 325 
574 1.0 235 
575 1.0 380 
576 1.0 272 
577 1.0 357 
578 1.0 385 
579 1.0 217 
580 1.0 130 
581 1.0 188 
582 1.0 270 
583 1.0 208 
584 1.0 418 
585 1.0 179 
586 1.0 262 
587 1.0 194 
588 1.0 252 
589 1.0 286 
590 1.0 216 
591 1.0 145 
592 1.0 169 
593 1.0 183 
594 1.0 158 
595 1.0 236 
596 1.0 213 
597 1.0 124 
598 1.0 118 
599 1.0 167 
600 1.0 131 
601 1.0 143 
602 1.0 124 
603 1.0 114 
604 1.0 124 
605 1.0 125 
606 1.0 144 
607 1.0 125 
608 1.0 141 
609 1.0 179 
610 1.0 148 
611 1.0 167 
612 1.0 123 
613 1.0 138 
614 1.0 134 
615 1.0 164 
616 1.0 138 
617 1.0 141 
618 1.0 364 
619 1.0 144 
620 1.0 213 
621 1.0 184 
622 1.0 121 
623 1.0 260 
624 1.0 330 
625 1.0 290 
626 1.0 237 
627 1.0 246 
628 1.0 204 
629 1.0 168 
630 1.0 216 
631 1.0 229 
632 1.0 165 
633 1.0 172 
634 1.0 386 
635 1.0 141 
636 1.0 172 
637 1.0 242 
638 1.0 184 
639 1.0 183 
640 1.0 246 
641 1.0 298 
642 1.0 376 
643 1.0 196 
644 1.0 176 
645 1.0 183 
646 1.0 400 
647 1.0 338 
648 1.0 219 
649 1.0 206 
650 1.0 144 
651 1.0 84 
652 1.0 125 
653 1.0 93 
654 1.0 127 
655 1.0 117 
656 1.0 139 
657 1.0 119 
658 1.0 172 
659 1.0 161 
660 1.0 160 
661 1.0 190 
662 1.0 185 
663 1.0 147 
664 1.0 143 
665 1.0 193 
666 1.0 182 
667 1.0 139 
668 1.0 277 
669 1.0 237 
670 1.0 208 
671 1.0 145 
672 1.0 208 
673 1.0 236 
674 1.0 271 
675 1.0 279 
676 1.0 275 
677 1.0 217 
678 1.0 202 
679 1.0 189 
680 1.0 210 
681 1.0 231 
682 1.0 177 
683 1.0 172 
684 1.0 286 
685 1.0 203 
686 1.0 206 
687 1.0 182 
688 1.0 208 
689 1.0 141 
690 1.0 346 
691 1.0 239 
692 1.0 233 
693 1.0 179 
694 1.0 161 
695 1.0 380 
696 1.0 300 
697 1.0 182 
698 1.0 190 
699 1.0 168 
700 1.0 222 
701 1.0 138 
702 1.0 251 
703 1.0 125 
704 1.0 184 
705 1.0 144 
706 1.0 128 
707 1.0 148 
708 1.0 138 
709 1.0 134 
710 1.0 151 
711 1.0 120 
712 1.0 143 
713 1.0 191 
714 1.0 178 
715 1.0 166 
716 1.0 139 
717 1.0 148 
718 1.0 315 
719 1.0 162 
720 1.0 184 
721 1.0 156 
722 1.0 177 
723 1.0 158 
724 1.0 172 
725 1.0 343 
726 1.0 128 
727 1.0 129 
728 1.0 129 
729 1.0 121 
730 1.0 117 
731 1.0 119 
732 1.0 143 
733 1.0 152 
734 1.0 140 
735 1.0 181 
736 1.0 116 
737 1.0 184 
738 1.0 384 
739 1.0 144 
740 1.0 172 
741 1.0 148 
742 1.0 156 
743 1.0 162 
744 1.0 123 
745 1.0 187 
746 1.0 169 
747 1.0 138 
748 1.0 240 
749 1.0 147 
750 1.0 187 
751 1.0 162 
752 1.0 156 
753 1.0 190 
754 1.0 150 
755 1.0 138 
756 1.0 183 
757 1.0 160 
758 1.0 147 
759 1.0 131 
760 1.0 133 
761 1.0 189 
762 1.0 150 
763 1.0 167 
764 1.0 143 
765 1.0 200 
766 1.0 154 
767 1.0 143 
768 1.0 134 
769 1.0 102 
770 1.0 130 
771 1.0 194 
772 1.0 246 
773 1.0 159 
774 1.0 482 
775 1.0 164 
776 1.0 154 
777 1.0 500 
778 1.0 205 
779 1.0 140 
780 1.0 456 
781 1.0 152 
782 1.0 264 
783 1.0 196 
784 1.0 168 
785 1.0 142 
786 1.0 120 
787 1.0 198 
788 1.0 416 
789 1.0 159 
790 1.0 317 
791 1.0 263 
792 1.0 144 
793 1.0 139 
794 1.0 141 
795 1.0 374 
796 1.0 150 
797 1.0 141 
798 1.0 156 
799 1.0 163 
800 1.0 191 
801 1.0 190 
802 1.0 141 
803 1.0 172 
804 1.0 159 
805 1.0 184 
806 1.0 126 
807 1.0 192 
808 1.0 386 
809 1.0 172 
810 1.0 152 
811 1.0 132 
812 1.0 137 
813 1.0 159 
814 1.0 188 
815 1.0 147 
816 1.0 172 
817 1.0 160 
818 1.0 142 
819 1.0 153 
820 1.0 216 
821 1.0 142 
822 1.0 136 
823 1.0 169 
824 1.0 117 
825 1.0 155 
826 1.0 161 
827 1.0 174 
828 1.0 135 
829 1.0 146 
830 1.0 149 
831 1.0 157 
832 1.0 177 
833 1.0 161 
834 1.0 148 
835 1.0 292 
836 1.0 139 
837 1.0 188 
838 1.0 164 
839 1.0 203 
840 1.0 180 
841 1.0 136 
842 1.0 183 
843 1.0 139 
844 1.0 173 
845 1.0 122 
846 1.0 182 
847 1.0 174 
848 1.0 181 
849 1.0 159 
850 1.0 149 
851 1.0 480 
852 1.0 152 
853 1.0 169 
854 1.0 276 
855 1.0 188 
856 1.0 227 
857 1.0 148 
858 1.0 190 
859 1.0 220 
860 1.0 148 
861 1.0 287 
862 1.0 386 
863 1.0 271 
864 1.0 196 
865 1.0 336 
866 1.0 100 
867 1.0 209 
868 1.0 140 
869 1.0 165 
870 1.0 157 
871 1.0 190 
872 1.0 187 
873 1.0 127 
874 1.0 166 
875 1.0 417 
876 1.0 150 
877 1.0 170 
878 1.0 182 
879 1.0 214 
880 1.0 187 
881 1.0 170 
882 1.0 191 
883 1.0 158 
884 1.0 155 
885 1.0 161 
886 1.0 137 
887 1.0 141 
888 1.0 132 
889 1.0 169 
890 1.0 133 
891 1.0 154 
892 1.0 158 
893 1.0 167 
894 1.0 164 
895 1.0 139 
896 1.0 145 
897 1.0 141 
898 1.0 145 
899 1.0 129 
900 1.0 128 
901 1.0 103 
902 1.0 103 
903 1.0 112 
904 1.0 110 
905 1.0 114 
906 1.0 166 
907 1.0 157 
908 1.0 131 
909 1.0 123 
910 1.0 137 
911 1.0 126 
912 1.0 145 
913 1.0 160 
914 1.0 135 
915 1.0 141 
916 1.0 143 
917 1.0 131 
918 1.0 135 
919 1.0 120 
920 1.0 152 
921 1.0 115 
922 1.0 121 
923 1.0 115 
924 1.0 101 
925 1.0 105 
926 1.0 105 
927 1.0 180 
928 1.0 116 
929 1.0 125 
930 1.0 143 
931 1.0 137 
932 1.0 131 
933 1.0 149 
934 1.0 206 
935 1.0 149 
936 1.0 121 
937 1.0 170 
938 1.0 159 
939 1.0 153 
940 1.0 151 
941 1.0 157 
942 1.0 153 
943 1.0 169 
944 1.0 185 
945 1.0 135 
946 1.0 429 
947 1.0 199 
948 1.0 137 
949 1.0 212 
950 1.0 344 
951 1.0 413 
952 1.0 336 
953 1.0 304 
954 1.0 211 
955 1.0 258 
956 1.0 179 
957 1.0 339 
958 1.0 317 
959 1.0 303 
960 1.0 369 
961 1.0 273 
962 1.0 159 
963 1.0 405 
964 1.0 186 
965 1.0 226 
966 1.0 364 
967 1.0 441 
968 1.0 411 
969 1.0 325 
970 1.0 305 
971 1.0 442 
972 1.0 365 
973 1.0 500 
974 1.0 274 
975 1.0 233 
976 1.0 187 
977 1.0 323 
978 1.0 291 
979 1.0 500 
980 1.0 165 
981 1.0 199 
982 1.0 166 
983 1.0 146 
984 1.0 267 
985 1.0 500 
986 1.0 381 
987 1.0 209 
988 1.0 287 
989 1.0 180 
990 1.0 205 
991 1.0 500 
992 1.0 500 
993 1.0 186 
994 1.0 372 
995 1.0 337 
996 1.0 268 
997 1.0 270 
998 1.0 362 
999 1.0 317 
