0 1.0 10 
1 1.0 8 
2 1.0 10 
3 1.0 9 
4 1.0 11 
5 1.0 8 
6 1.0 8 
7 1.0 9 
8 1.0 9 
9 1.0 10 
10 1.0 8 
11 1.0 9 
12 1.0 9 
13 1.0 10 
14 1.0 10 
15 1.0 10 
16 1.0 9 
17 1.0 11 
18 1.0 9 
19 1.0 8 
20 1.0 9 
21 1.0 9 
22 1.0 9 
23 1.0 8 
24 1.0 9 
25 1.0 10 
26 1.0 9 
27 1.0 39 
28 1.0 10 
29 1.0 10 
30 1.0 9 
31 1.0 10 
32 1.0 37 
33 1.0 10 
34 1.0 38 
35 1.0 9 
36 1.0 9 
37 1.0 9 
38 1.0 10 
39 1.0 9 
40 1.0 10 
41 1.0 52 
42 1.0 9 
43 1.0 44 
44 1.0 62 
45 1.0 33 
46 1.0 38 
47 1.0 105 
48 1.0 47 
49 1.0 55 
50 1.0 57 
51 1.0 45 
52 1.0 36 
53 1.0 79 
54 1.0 35 
55 1.0 35 
56 1.0 43 
57 1.0 34 
58 1.0 28 
59 1.0 76 
60 1.0 39 
61 1.0 82 
62 1.0 72 
63 1.0 36 
64 1.0 71 
65 1.0 43 
66 1.0 46 
67 1.0 108 
68 1.0 55 
69 1.0 64 
70 1.0 39 
71 1.0 86 
72 1.0 40 
73 1.0 46 
74 1.0 48 
75 1.0 46 
76 1.0 62 
77 1.0 70 
78 1.0 52 
79 1.0 84 
80 1.0 68 
81 1.0 41 
82 1.0 36 
83 1.0 67 
84 1.0 34 
85 1.0 149 
86 1.0 47 
87 1.0 42 
88 1.0 96 
89 1.0 36 
90 1.0 57 
91 1.0 100 
92 1.0 61 
93 1.0 52 
94 1.0 118 
95 1.0 44 
96 1.0 122 
97 1.0 42 
98 1.0 34 
99 1.0 47 
100 1.0 75 
101 1.0 39 
102 1.0 53 
103 1.0 63 
104 1.0 59 
105 1.0 160 
106 1.0 41 
107 1.0 36 
108 1.0 55 
109 1.0 56 
110 1.0 44 
111 1.0 63 
112 1.0 75 
113 1.0 42 
114 1.0 39 
115 1.0 48 
116 1.0 51 
117 1.0 36 
118 1.0 36 
119 1.0 46 
120 1.0 119 
121 1.0 42 
122 1.0 70 
123 1.0 39 
124 1.0 114 
125 1.0 37 
126 1.0 57 
127 1.0 53 
128 1.0 50 
129 1.0 58 
130 1.0 54 
131 1.0 82 
132 1.0 54 
133 1.0 24 
134 1.0 12 
135 1.0 40 
136 1.0 20 
137 1.0 50 
138 1.0 67 
139 1.0 88 
140 1.0 60 
141 1.0 46 
142 1.0 78 
143 1.0 87 
144 1.0 50 
145 1.0 37 
146 1.0 48 
147 1.0 55 
148 1.0 80 
149 1.0 40 
150 1.0 85 
151 1.0 49 
152 1.0 41 
153 1.0 81 
154 1.0 45 
155 1.0 70 
156 1.0 98 
157 1.0 75 
158 1.0 97 
159 1.0 55 
160 1.0 86 
161 1.0 83 
162 1.0 35 
163 1.0 48 
164 1.0 44 
165 1.0 48 
166 1.0 76 
167 1.0 45 
168 1.0 92 
169 1.0 71 
170 1.0 41 
171 1.0 74 
172 1.0 58 
173 1.0 60 
174 1.0 143 
175 1.0 93 
176 1.0 145 
177 1.0 54 
178 1.0 64 
179 1.0 49 
180 1.0 67 
181 1.0 95 
182 1.0 47 
183 1.0 161 
184 1.0 128 
185 1.0 49 
186 1.0 58 
187 1.0 47 
188 1.0 82 
189 1.0 88 
190 1.0 63 
191 1.0 79 
192 1.0 78 
193 1.0 105 
194 1.0 46 
195 1.0 77 
196 1.0 49 
197 1.0 51 
198 1.0 113 
199 1.0 43 
200 1.0 60 
201 1.0 45 
202 1.0 86 
203 1.0 73 
204 1.0 54 
205 1.0 62 
206 1.0 55 
207 1.0 60 
208 1.0 55 
209 1.0 59 
210 1.0 46 
211 1.0 63 
212 1.0 57 
213 1.0 63 
214 1.0 83 
215 1.0 49 
216 1.0 52 
217 1.0 81 
218 1.0 45 
219 1.0 55 
220 1.0 58 
221 1.0 49 
222 1.0 66 
223 1.0 40 
224 1.0 40 
225 1.0 42 
226 1.0 105 
227 1.0 61 
228 1.0 51 
229 1.0 41 
230 1.0 84 
231 1.0 59 
232 1.0 64 
233 1.0 42 
234 1.0 37 
235 1.0 94 
236 1.0 67 
237 1.0 53 
238 1.0 50 
239 1.0 64 
240 1.0 78 
241 1.0 85 
242 1.0 77 
243 1.0 54 
244 1.0 71 
245 1.0 112 
246 1.0 128 
247 1.0 63 
248 1.0 113 
249 1.0 54 
250 1.0 204 
251 1.0 101 
252 1.0 227 
253 1.0 96 
254 1.0 142 
255 1.0 66 
256 1.0 96 
257 1.0 91 
258 1.0 54 
259 1.0 115 
260 1.0 127 
261 1.0 78 
262 1.0 163 
263 1.0 122 
264 1.0 43 
265 1.0 46 
266 1.0 46 
267 1.0 63 
268 1.0 41 
269 1.0 42 
270 1.0 44 
271 1.0 34 
272 1.0 55 
273 1.0 65 
274 1.0 62 
275 1.0 43 
276 1.0 48 
277 1.0 38 
278 1.0 41 
279 1.0 43 
280 1.0 22 
281 1.0 39 
282 1.0 50 
283 1.0 42 
284 1.0 65 
285 1.0 61 
286 1.0 55 
287 1.0 58 
288 1.0 57 
289 1.0 53 
290 1.0 21 
291 1.0 34 
292 1.0 59 
293 1.0 47 
294 1.0 14 
295 1.0 40 
296 1.0 61 
297 1.0 59 
298 1.0 102 
299 1.0 100 
300 1.0 55 
301 1.0 30 
302 1.0 59 
303 1.0 56 
304 1.0 38 
305 1.0 48 
306 1.0 68 
307 1.0 65 
308 1.0 43 
309 1.0 74 
310 1.0 64 
311 1.0 78 
312 1.0 59 
313 1.0 56 
314 1.0 48 
315 1.0 51 
316 1.0 81 
317 1.0 76 
318 1.0 52 
319 1.0 84 
320 1.0 39 
321 1.0 60 
322 1.0 83 
323 1.0 68 
324 1.0 43 
325 1.0 60 
326 1.0 44 
327 1.0 62 
328 1.0 82 
329 1.0 53 
330 1.0 62 
331 1.0 65 
332 1.0 65 
333 1.0 58 
334 1.0 80 
335 1.0 49 
336 1.0 42 
337 1.0 51 
338 1.0 93 
339 1.0 62 
340 1.0 58 
341 1.0 98 
342 1.0 85 
343 1.0 103 
344 1.0 53 
345 1.0 47 
346 1.0 81 
347 1.0 79 
348 1.0 77 
349 1.0 52 
350 1.0 74 
351 1.0 131 
352 1.0 42 
353 1.0 54 
354 1.0 84 
355 1.0 94 
356 1.0 59 
357 1.0 47 
358 1.0 72 
359 1.0 49 
360 1.0 93 
361 1.0 49 
362 1.0 53 
363 1.0 62 
364 1.0 17 
365 1.0 52 
366 1.0 109 
367 1.0 39 
368 1.0 55 
369 1.0 86 
370 1.0 44 
371 1.0 54 
372 1.0 42 
373 1.0 46 
374 1.0 41 
375 1.0 15 
376 1.0 35 
377 1.0 67 
378 1.0 46 
379 1.0 18 
380 1.0 20 
381 1.0 16 
382 1.0 92 
383 1.0 45 
384 1.0 14 
385 1.0 47 
386 1.0 12 
387 1.0 12 
388 1.0 41 
389 1.0 58 
390 1.0 49 
391 1.0 10 
392 1.0 41 
393 1.0 55 
394 1.0 13 
395 1.0 48 
396 1.0 12 
397 1.0 9 
398 1.0 10 
399 1.0 124 
400 1.0 75 
401 1.0 24 
402 1.0 64 
403 1.0 20 
404 1.0 33 
405 1.0 111 
406 1.0 109 
407 1.0 14 
408 1.0 54 
409 1.0 55 
410 1.0 52 
411 1.0 81 
412 1.0 43 
413 1.0 64 
414 1.0 69 
415 1.0 55 
416 1.0 102 
417 1.0 62 
418 1.0 91 
419 1.0 111 
420 1.0 55 
421 1.0 54 
422 1.0 193 
423 1.0 32 
424 1.0 86 
425 1.0 68 
426 1.0 41 
427 1.0 68 
428 1.0 59 
429 1.0 71 
430 1.0 79 
431 1.0 54 
432 1.0 54 
433 1.0 63 
434 1.0 58 
435 1.0 55 
436 1.0 94 
437 1.0 50 
438 1.0 75 
439 1.0 75 
440 1.0 76 
441 1.0 39 
442 1.0 104 
443 1.0 59 
444 1.0 63 
445 1.0 63 
446 1.0 74 
447 1.0 54 
448 1.0 104 
449 1.0 71 
450 1.0 67 
451 1.0 75 
452 1.0 73 
453 1.0 60 
454 1.0 139 
455 1.0 176 
456 1.0 187 
457 1.0 61 
458 1.0 80 
459 1.0 87 
460 1.0 72 
461 1.0 101 
462 1.0 120 
463 1.0 59 
464 1.0 83 
465 1.0 121 
466 1.0 63 
467 1.0 59 
468 1.0 57 
469 1.0 64 
470 1.0 89 
471 1.0 83 
472 1.0 73 
473 1.0 60 
474 1.0 80 
475 1.0 57 
476 1.0 65 
477 1.0 69 
478 1.0 101 
479 1.0 58 
480 1.0 84 
481 1.0 81 
482 1.0 67 
483 1.0 80 
484 1.0 85 
485 1.0 76 
486 1.0 65 
487 1.0 86 
488 1.0 73 
489 1.0 43 
490 1.0 52 
491 1.0 32 
492 1.0 16 
493 1.0 36 
494 1.0 68 
495 1.0 77 
496 1.0 58 
497 1.0 10 
498 1.0 10 
499 1.0 75 
500 1.0 8 
501 1.0 10 
502 1.0 71 
503 1.0 55 
504 1.0 93 
505 1.0 70 
506 1.0 82 
507 1.0 92 
508 1.0 10 
509 1.0 53 
510 1.0 64 
511 1.0 16 
512 1.0 11 
513 1.0 43 
514 1.0 51 
515 1.0 10 
516 1.0 10 
517 1.0 9 
518 1.0 9 
519 1.0 9 
520 1.0 10 
521 1.0 52 
522 1.0 68 
523 1.0 10 
524 1.0 10 
525 1.0 45 
526 1.0 63 
527 1.0 12 
528 1.0 9 
529 1.0 9 
530 1.0 14 
531 1.0 10 
532 1.0 47 
533 1.0 8 
534 1.0 56 
535 1.0 15 
536 1.0 11 
537 1.0 8 
538 1.0 9 
539 1.0 83 
540 1.0 9 
541 1.0 26 
542 1.0 8 
543 1.0 11 
544 1.0 9 
545 1.0 10 
546 1.0 56 
547 1.0 10 
548 1.0 14 
549 1.0 97 
550 1.0 58 
551 1.0 67 
552 1.0 62 
553 1.0 55 
554 1.0 9 
555 1.0 8 
556 1.0 8 
557 1.0 9 
558 1.0 9 
559 1.0 9 
560 1.0 12 
561 1.0 65 
562 1.0 8 
563 1.0 10 
564 1.0 9 
565 1.0 52 
566 1.0 14 
567 1.0 100 
568 1.0 74 
569 1.0 66 
570 1.0 112 
571 1.0 75 
572 1.0 145 
573 1.0 11 
574 1.0 170 
575 1.0 103 
576 1.0 93 
577 1.0 59 
578 1.0 177 
579 1.0 9 
580 1.0 18 
581 1.0 30 
582 1.0 75 
583 1.0 10 
584 1.0 42 
585 1.0 27 
586 1.0 57 
587 1.0 84 
588 1.0 56 
589 1.0 62 
590 1.0 76 
591 1.0 10 
592 1.0 62 
593 1.0 64 
594 1.0 85 
595 1.0 68 
596 1.0 60 
597 1.0 94 
598 1.0 51 
599 1.0 143 
600 1.0 52 
601 1.0 25 
602 1.0 58 
603 1.0 60 
604 1.0 40 
605 1.0 54 
606 1.0 78 
607 1.0 303 
608 1.0 57 
609 1.0 79 
610 1.0 64 
611 1.0 59 
612 1.0 66 
613 1.0 64 
614 1.0 48 
615 1.0 58 
616 1.0 68 
617 1.0 154 
618 1.0 52 
619 1.0 76 
620 1.0 93 
621 1.0 47 
622 1.0 66 
623 1.0 22 
624 1.0 16 
625 1.0 93 
626 1.0 67 
627 1.0 73 
628 1.0 123 
629 1.0 86 
630 1.0 67 
631 1.0 66 
632 1.0 166 
633 1.0 60 
634 1.0 76 
635 1.0 100 
636 1.0 82 
637 1.0 172 
638 1.0 71 
639 1.0 66 
640 1.0 92 
641 1.0 47 
642 1.0 98 
643 1.0 121 
644 1.0 115 
645 1.0 85 
646 1.0 133 
647 1.0 156 
648 1.0 86 
649 1.0 199 
650 1.0 126 
651 1.0 50 
652 1.0 78 
653 1.0 85 
654 1.0 170 
655 1.0 152 
656 1.0 26 
657 1.0 119 
658 1.0 103 
659 1.0 239 
660 1.0 138 
661 1.0 111 
662 1.0 112 
663 1.0 60 
664 1.0 221 
665 1.0 195 
666 1.0 69 
667 1.0 265 
668 1.0 102 
669 1.0 150 
670 1.0 40 
671 1.0 21 
672 1.0 122 
673 1.0 66 
674 1.0 84 
675 1.0 59 
676 1.0 51 
677 1.0 60 
678 1.0 88 
679 1.0 84 
680 1.0 70 
681 1.0 60 
682 1.0 57 
683 1.0 81 
684 1.0 51 
685 1.0 10 
686 1.0 9 
687 1.0 9 
688 1.0 14 
689 1.0 210 
690 1.0 11 
691 1.0 100 
692 1.0 10 
693 1.0 9 
694 1.0 20 
695 1.0 24 
696 1.0 63 
697 1.0 40 
698 1.0 26 
699 1.0 23 
700 1.0 9 
701 1.0 90 
702 1.0 18 
703 1.0 47 
704 1.0 81 
705 1.0 49 
706 1.0 56 
707 1.0 76 
708 1.0 103 
709 1.0 80 
710 1.0 118 
711 1.0 68 
712 1.0 52 
713 1.0 102 
714 1.0 73 
715 1.0 159 
716 1.0 184 
717 1.0 75 
718 1.0 105 
719 1.0 124 
720 1.0 189 
721 1.0 94 
722 1.0 168 
723 1.0 78 
724 1.0 83 
725 1.0 97 
726 1.0 159 
727 1.0 72 
728 1.0 91 
729 1.0 141 
730 1.0 176 
731 1.0 72 
732 1.0 102 
733 1.0 90 
734 1.0 84 
735 1.0 69 
736 1.0 97 
737 1.0 204 
738 1.0 92 
739 1.0 67 
740 1.0 86 
741 1.0 114 
742 1.0 80 
743 1.0 107 
744 1.0 147 
745 1.0 121 
746 1.0 131 
747 1.0 100 
748 1.0 50 
749 1.0 40 
750 1.0 217 
751 1.0 194 
752 1.0 168 
753 1.0 53 
754 1.0 54 
755 1.0 73 
756 1.0 75 
757 1.0 82 
758 1.0 99 
759 1.0 90 
760 1.0 39 
761 1.0 60 
762 1.0 98 
763 1.0 57 
764 1.0 191 
765 1.0 98 
766 1.0 94 
767 1.0 155 
768 1.0 93 
769 1.0 297 
770 1.0 39 
771 1.0 195 
772 1.0 142 
773 1.0 66 
774 1.0 86 
775 1.0 180 
776 1.0 44 
777 1.0 52 
778 1.0 40 
779 1.0 140 
780 1.0 130 
781 1.0 132 
782 1.0 103 
783 1.0 360 
784 1.0 144 
785 1.0 186 
786 1.0 76 
787 1.0 133 
788 1.0 105 
789 1.0 49 
790 1.0 58 
791 1.0 117 
792 1.0 65 
793 1.0 162 
794 1.0 141 
795 1.0 9 
796 1.0 282 
797 1.0 42 
798 1.0 200 
799 1.0 240 
800 1.0 129 
801 1.0 154 
802 1.0 171 
803 1.0 174 
804 1.0 375 
805 1.0 206 
806 1.0 212 
807 1.0 296 
808 1.0 95 
809 1.0 144 
810 1.0 142 
811 1.0 135 
812 1.0 117 
813 1.0 122 
814 1.0 121 
815 1.0 116 
816 1.0 90 
817 1.0 120 
818 1.0 112 
819 1.0 177 
820 1.0 162 
821 1.0 286 
822 1.0 150 
823 1.0 184 
824 1.0 137 
825 1.0 500 
826 1.0 176 
827 1.0 201 
828 1.0 156 
829 1.0 274 
830 1.0 226 
831 1.0 240 
832 1.0 126 
833 1.0 213 
834 1.0 191 
835 1.0 162 
836 1.0 184 
837 1.0 290 
838 1.0 121 
839 1.0 176 
840 1.0 201 
841 1.0 139 
842 1.0 116 
843 1.0 313 
844 1.0 165 
845 1.0 176 
846 1.0 10 
847 1.0 10 
848 1.0 76 
849 1.0 11 
850 1.0 44 
851 1.0 32 
852 1.0 169 
853 1.0 219 
854 1.0 10 
855 1.0 185 
856 1.0 87 
857 1.0 153 
858 1.0 66 
859 1.0 172 
860 1.0 152 
861 1.0 25 
862 1.0 76 
863 1.0 115 
864 1.0 106 
865 1.0 101 
866 1.0 24 
867 1.0 33 
868 1.0 20 
869 1.0 153 
870 1.0 312 
871 1.0 456 
872 1.0 78 
873 1.0 228 
874 1.0 265 
875 1.0 270 
876 1.0 36 
877 1.0 106 
878 1.0 225 
879 1.0 213 
880 1.0 191 
881 1.0 234 
882 1.0 180 
883 1.0 74 
884 1.0 155 
885 1.0 181 
886 1.0 198 
887 1.0 200 
888 1.0 393 
889 1.0 233 
890 1.0 258 
891 1.0 196 
892 1.0 268 
893 1.0 187 
894 1.0 114 
895 1.0 274 
896 1.0 236 
897 1.0 149 
898 1.0 157 
899 1.0 183 
900 1.0 162 
901 1.0 498 
902 1.0 161 
903 1.0 500 
904 1.0 105 
905 1.0 175 
906 1.0 205 
907 1.0 262 
908 1.0 282 
909 1.0 311 
910 1.0 241 
911 1.0 238 
912 1.0 353 
913 1.0 267 
914 1.0 306 
915 1.0 276 
916 1.0 168 
917 1.0 99 
918 1.0 101 
919 1.0 10 
920 1.0 13 
921 1.0 10 
922 1.0 108 
923 1.0 12 
924 1.0 114 
925 1.0 108 
926 1.0 327 
927 1.0 108 
928 1.0 242 
929 1.0 178 
930 1.0 327 
931 1.0 335 
932 1.0 416 
933 1.0 82 
934 1.0 370 
935 1.0 177 
936 1.0 106 
937 1.0 178 
938 1.0 181 
939 1.0 168 
940 1.0 220 
941 1.0 203 
942 1.0 101 
943 1.0 10 
944 1.0 134 
945 1.0 9 
946 1.0 186 
947 1.0 115 
948 1.0 220 
949 1.0 182 
950 1.0 249 
951 1.0 124 
952 1.0 122 
953 1.0 206 
954 1.0 136 
955 1.0 117 
956 1.0 103 
957 1.0 196 
958 1.0 66 
959 1.0 108 
960 1.0 114 
961 1.0 385 
962 1.0 469 
963 1.0 299 
964 1.0 244 
965 1.0 288 
966 1.0 197 
967 1.0 140 
968 1.0 250 
969 1.0 216 
970 1.0 11 
971 1.0 13 
972 1.0 10 
973 1.0 11 
974 1.0 193 
975 1.0 142 
976 1.0 135 
977 1.0 53 
978 1.0 138 
979 1.0 232 
980 1.0 166 
981 1.0 19 
982 1.0 94 
983 1.0 159 
984 1.0 192 
985 1.0 119 
986 1.0 120 
987 1.0 10 
988 1.0 31 
989 1.0 14 
990 1.0 10 
991 1.0 12 
992 1.0 9 
993 1.0 74 
994 1.0 9 
995 1.0 10 
996 1.0 12 
997 1.0 10 
998 1.0 12 
999 1.0 9 
1000 1.0 91 
1001 1.0 11 
1002 1.0 12 
1003 1.0 12 
1004 1.0 88 
1005 1.0 192 
1006 1.0 205 
1007 1.0 341 
1008 1.0 389 
1009 1.0 264 
1010 1.0 354 
1011 1.0 257 
1012 1.0 231 
1013 1.0 268 
1014 1.0 231 
1015 1.0 170 
1016 1.0 206 
1017 1.0 289 
1018 1.0 240 
1019 1.0 243 
1020 1.0 500 
1021 1.0 206 
1022 1.0 319 
1023 1.0 290 
1024 1.0 230 
1025 1.0 98 
1026 1.0 399 
1027 1.0 95 
1028 1.0 206 
1029 1.0 134 
1030 1.0 190 
1031 1.0 125 
1032 1.0 101 
1033 1.0 186 
1034 1.0 32 
1035 1.0 96 
1036 1.0 87 
1037 1.0 15 
1038 1.0 13 
1039 1.0 12 
1040 1.0 11 
1041 1.0 10 
1042 1.0 10 
1043 1.0 9 
1044 1.0 10 
1045 1.0 11 
1046 1.0 8 
1047 1.0 10 
1048 1.0 11 
1049 1.0 9 
1050 1.0 11 
1051 1.0 11 
1052 1.0 11 
1053 1.0 10 
1054 1.0 11 
1055 1.0 11 
1056 1.0 11 
1057 1.0 8 
1058 1.0 9 
1059 1.0 104 
1060 1.0 184 
1061 1.0 280 
1062 1.0 9 
1063 1.0 47 
1064 1.0 105 
1065 1.0 500 
1066 1.0 500 
1067 1.0 461 
1068 1.0 135 
1069 1.0 456 
1070 1.0 500 
1071 1.0 10 
1072 1.0 47 
1073 1.0 54 
1074 1.0 39 
1075 1.0 84 
1076 1.0 500 
1077 1.0 77 
1078 1.0 71 
1079 1.0 74 
1080 1.0 500 
1081 1.0 500 
1082 1.0 500 
1083 1.0 425 
1084 1.0 500 
1085 1.0 500 
1086 1.0 488 
1087 1.0 391 
1088 1.0 114 
1089 1.0 183 
1090 1.0 201 
1091 1.0 190 
1092 1.0 275 
1093 1.0 440 
1094 1.0 268 
1095 1.0 9 
1096 1.0 209 
1097 1.0 320 
1098 1.0 291 
1099 1.0 161 
1100 1.0 284 
1101 1.0 219 
1102 1.0 303 
1103 1.0 500 
1104 1.0 368 
1105 1.0 343 
1106 1.0 202 
1107 1.0 139 
1108 1.0 176 
1109 1.0 239 
1110 1.0 297 
1111 1.0 349 
1112 1.0 163 
1113 1.0 10 
1114 1.0 448 
1115 1.0 180 
1116 1.0 213 
1117 1.0 10 
1118 1.0 500 
1119 1.0 329 
1120 1.0 84 
1121 1.0 89 
1122 1.0 115 
1123 1.0 200 
1124 1.0 500 
1125 1.0 130 
1126 1.0 183 
1127 1.0 87 
1128 1.0 234 
1129 1.0 100 
1130 1.0 500 
1131 1.0 310 
1132 1.0 218 
1133 1.0 166 
1134 1.0 212 
1135 1.0 220 
1136 1.0 148 
1137 1.0 68 
1138 1.0 115 
1139 1.0 271 
1140 1.0 90 
1141 1.0 136 
1142 1.0 159 
1143 1.0 138 
1144 1.0 262 
1145 1.0 131 
1146 1.0 73 
1147 1.0 10 
1148 1.0 8 
1149 1.0 187 
1150 1.0 107 
1151 1.0 107 
1152 1.0 97 
1153 1.0 253 
1154 1.0 500 
1155 1.0 89 
1156 1.0 59 
1157 1.0 164 
1158 1.0 101 
1159 1.0 258 
1160 1.0 317 
1161 1.0 108 
1162 1.0 275 
1163 1.0 291 
1164 1.0 265 
1165 1.0 282 
1166 1.0 335 
1167 1.0 62 
1168 1.0 87 
1169 1.0 46 
1170 1.0 75 
1171 1.0 70 
1172 1.0 54 
1173 1.0 76 
1174 1.0 63 
1175 1.0 276 
1176 1.0 486 
1177 1.0 235 
1178 1.0 210 
1179 1.0 371 
1180 1.0 500 
1181 1.0 234 
1182 1.0 79 
1183 1.0 194 
1184 1.0 10 
1185 1.0 10 
1186 1.0 191 
1187 1.0 291 
1188 1.0 361 
1189 1.0 306 
1190 1.0 289 
1191 1.0 277 
1192 1.0 268 
1193 1.0 316 
1194 1.0 500 
1195 1.0 203 
1196 1.0 271 
1197 1.0 106 
1198 1.0 282 
1199 1.0 371 
1200 1.0 147 
1201 1.0 282 
1202 1.0 253 
1203 1.0 268 
1204 1.0 335 
1205 1.0 253 
1206 1.0 252 
1207 1.0 244 
1208 1.0 229 
1209 1.0 227 
1210 1.0 210 
1211 1.0 342 
1212 1.0 62 
1213 1.0 206 
1214 1.0 277 
1215 1.0 203 
1216 1.0 214 
1217 1.0 230 
1218 1.0 257 
1219 1.0 222 
1220 1.0 346 
1221 1.0 237 
1222 1.0 244 
1223 1.0 228 
1224 1.0 246 
1225 1.0 184 
1226 1.0 211 
1227 1.0 251 
1228 1.0 239 
1229 1.0 238 
1230 1.0 232 
1231 1.0 245 
1232 1.0 222 
1233 1.0 312 
1234 1.0 262 
1235 1.0 135 
1236 1.0 139 
1237 1.0 372 
1238 1.0 246 
1239 1.0 358 
1240 1.0 193 
1241 1.0 244 
1242 1.0 193 
1243 1.0 136 
1244 1.0 267 
1245 1.0 339 
1246 1.0 198 
1247 1.0 261 
1248 1.0 245 
1249 1.0 191 
1250 1.0 147 
1251 1.0 450 
1252 1.0 173 
1253 1.0 223 
1254 1.0 193 
1255 1.0 203 
1256 1.0 218 
1257 1.0 233 
1258 1.0 388 
1259 1.0 215 
1260 1.0 261 
1261 1.0 322 
1262 1.0 435 
1263 1.0 500 
1264 1.0 500 
1265 1.0 305 
1266 1.0 238 
1267 1.0 251 
1268 1.0 443 
1269 1.0 218 
1270 1.0 236 
1271 1.0 209 
1272 1.0 243 
1273 1.0 200 
1274 1.0 141 
1275 1.0 500 
1276 1.0 500 
1277 1.0 211 
1278 1.0 195 
1279 1.0 152 
1280 1.0 150 
1281 1.0 199 
1282 1.0 387 
1283 1.0 277 
1284 1.0 424 
1285 1.0 194 
1286 1.0 126 
1287 1.0 455 
1288 1.0 111 
1289 1.0 196 
1290 1.0 211 
1291 1.0 156 
1292 1.0 203 
1293 1.0 301 
1294 1.0 215 
1295 1.0 193 
1296 1.0 500 
1297 1.0 239 
1298 1.0 211 
1299 1.0 220 
1300 1.0 227 
1301 1.0 204 
1302 1.0 191 
1303 1.0 177 
1304 1.0 183 
1305 1.0 186 
1306 1.0 206 
1307 1.0 173 
1308 1.0 215 
1309 1.0 214 
1310 1.0 183 
1311 1.0 296 
1312 1.0 226 
1313 1.0 242 
1314 1.0 196 
1315 1.0 196 
1316 1.0 212 
1317 1.0 266 
1318 1.0 221 
1319 1.0 283 
1320 1.0 403 
1321 1.0 415 
1322 1.0 201 
1323 1.0 282 
1324 1.0 146 
1325 1.0 419 
1326 1.0 500 
1327 1.0 252 
1328 1.0 500 
1329 1.0 113 
1330 1.0 288 
1331 1.0 233 
1332 1.0 500 
1333 1.0 386 
1334 1.0 245 
1335 1.0 386 
1336 1.0 500 
1337 1.0 486 
1338 1.0 355 
1339 1.0 240 
1340 1.0 243 
1341 1.0 208 
1342 1.0 274 
1343 1.0 311 
1344 1.0 352 
1345 1.0 409 
1346 1.0 220 
1347 1.0 499 
1348 1.0 389 
1349 1.0 420 
1350 1.0 206 
1351 1.0 237 
1352 1.0 257 
1353 1.0 500 
1354 1.0 220 
1355 1.0 194 
1356 1.0 394 
1357 1.0 197 
1358 1.0 500 
1359 1.0 304 
1360 1.0 500 
1361 1.0 500 
1362 1.0 220 
1363 1.0 248 
1364 1.0 216 
1365 1.0 500 
1366 1.0 500 
1367 1.0 257 
1368 1.0 286 
1369 1.0 227 
1370 1.0 499 
1371 1.0 232 
1372 1.0 226 
1373 1.0 303 
1374 1.0 221 
1375 1.0 270 
1376 1.0 197 
1377 1.0 217 
1378 1.0 206 
1379 1.0 285 
1380 1.0 189 
1381 1.0 185 
1382 1.0 294 
1383 1.0 500 
1384 1.0 212 
1385 1.0 159 
1386 1.0 194 
1387 1.0 205 
1388 1.0 185 
1389 1.0 206 
1390 1.0 203 
1391 1.0 199 
1392 1.0 203 
1393 1.0 210 
1394 1.0 225 
1395 1.0 205 
1396 1.0 198 
1397 1.0 198 
1398 1.0 189 
1399 1.0 26 
1400 1.0 246 
1401 1.0 500 
1402 1.0 488 
1403 1.0 372 
1404 1.0 500 
1405 1.0 422 
1406 1.0 425 
1407 1.0 218 
1408 1.0 500 
1409 1.0 131 
1410 1.0 399 
1411 1.0 500 
1412 1.0 343 
1413 1.0 229 
1414 1.0 269 
1415 1.0 261 
1416 1.0 231 
1417 1.0 227 
1418 1.0 237 
1419 1.0 192 
1420 1.0 188 
1421 1.0 175 
1422 1.0 320 
1423 1.0 18 
1424 1.0 185 
1425 1.0 164 
1426 1.0 178 
1427 1.0 155 
1428 1.0 175 
1429 1.0 189 
1430 1.0 178 
1431 1.0 162 
1432 1.0 185 
1433 1.0 170 
1434 1.0 159 
1435 1.0 174 
1436 1.0 221 
1437 1.0 197 
1438 1.0 227 
1439 1.0 175 
1440 1.0 212 
1441 1.0 248 
1442 1.0 219 
1443 1.0 208 
1444 1.0 258 
1445 1.0 279 
1446 1.0 251 
1447 1.0 418 
1448 1.0 184 
1449 1.0 205 
1450 1.0 222 
1451 1.0 161 
1452 1.0 415 
1453 1.0 201 
1454 1.0 276 
1455 1.0 228 
1456 1.0 222 
1457 1.0 259 
1458 1.0 456 
1459 1.0 500 
1460 1.0 500 
1461 1.0 290 
1462 1.0 281 
1463 1.0 197 
1464 1.0 255 
1465 1.0 500 
1466 1.0 208 
1467 1.0 500 
1468 1.0 221 
1469 1.0 407 
1470 1.0 275 
1471 1.0 279 
1472 1.0 406 
1473 1.0 310 
1474 1.0 362 
1475 1.0 361 
1476 1.0 253 
1477 1.0 225 
1478 1.0 259 
1479 1.0 235 
1480 1.0 147 
1481 1.0 134 
1482 1.0 287 
1483 1.0 264 
1484 1.0 193 
1485 1.0 250 
1486 1.0 208 
1487 1.0 354 
1488 1.0 254 
1489 1.0 135 
1490 1.0 227 
1491 1.0 316 
1492 1.0 373 
1493 1.0 464 
1494 1.0 385 
1495 1.0 304 
1496 1.0 370 
1497 1.0 334 
1498 1.0 286 
1499 1.0 464 
1500 1.0 333 
1501 1.0 194 
1502 1.0 225 
1503 1.0 489 
1504 1.0 500 
1505 1.0 500 
1506 1.0 410 
1507 1.0 500 
1508 1.0 466 
1509 1.0 313 
1510 1.0 335 
1511 1.0 376 
1512 1.0 341 
1513 1.0 310 
1514 1.0 199 
1515 1.0 74 
1516 1.0 419 
1517 1.0 230 
1518 1.0 314 
1519 1.0 261 
1520 1.0 280 
1521 1.0 359 
1522 1.0 383 
1523 1.0 322 
1524 1.0 313 
1525 1.0 281 
1526 1.0 414 
1527 1.0 448 
1528 1.0 424 
1529 1.0 350 
1530 1.0 268 
1531 1.0 295 
1532 1.0 305 
1533 1.0 290 
1534 1.0 285 
1535 1.0 249 
1536 1.0 226 
1537 1.0 266 
1538 1.0 212 
1539 1.0 302 
1540 1.0 305 
1541 1.0 280 
1542 1.0 304 
1543 1.0 321 
1544 1.0 408 
1545 1.0 265 
1546 1.0 215 
1547 1.0 345 
1548 1.0 341 
1549 1.0 259 
1550 1.0 299 
1551 1.0 261 
1552 1.0 287 
1553 1.0 280 
1554 1.0 311 
1555 1.0 265 
1556 1.0 282 
1557 1.0 210 
1558 1.0 218 
1559 1.0 214 
1560 1.0 56 
1561 1.0 49 
1562 1.0 139 
1563 1.0 315 
1564 1.0 156 
1565 1.0 178 
1566 1.0 490 
1567 1.0 340 
1568 1.0 434 
1569 1.0 311 
1570 1.0 59 
1571 1.0 339 
1572 1.0 42 
1573 1.0 42 
1574 1.0 220 
1575 1.0 332 
1576 1.0 96 
1577 1.0 143 
1578 1.0 489 
1579 1.0 67 
1580 1.0 30 
1581 1.0 192 
1582 1.0 214 
1583 1.0 240 
1584 1.0 172 
1585 1.0 182 
1586 1.0 500 
1587 1.0 264 
1588 1.0 182 
1589 1.0 268 
1590 1.0 311 
1591 1.0 174 
1592 1.0 277 
1593 1.0 261 
1594 1.0 326 
1595 1.0 257 
1596 1.0 486 
1597 1.0 443 
1598 1.0 261 
1599 1.0 300 
1600 1.0 493 
1601 1.0 418 
1602 1.0 329 
1603 1.0 345 
1604 1.0 399 
1605 1.0 409 
1606 1.0 317 
1607 1.0 302 
1608 1.0 290 
1609 1.0 296 
1610 1.0 458 
1611 1.0 333 
1612 1.0 500 
1613 1.0 377 
1614 1.0 239 
1615 1.0 413 
1616 1.0 345 
1617 1.0 302 
1618 1.0 256 
1619 1.0 245 
1620 1.0 251 
1621 1.0 298 
1622 1.0 415 
1623 1.0 262 
1624 1.0 258 
1625 1.0 258 
1626 1.0 500 
1627 1.0 491 
1628 1.0 320 
1629 1.0 306 
1630 1.0 166 
1631 1.0 478 
1632 1.0 111 
1633 1.0 234 
1634 1.0 138 
1635 1.0 145 
1636 1.0 220 
1637 1.0 262 
1638 1.0 412 
1639 1.0 480 
1640 1.0 366 
1641 1.0 367 
1642 1.0 243 
1643 1.0 379 
1644 1.0 432 
1645 1.0 193 
1646 1.0 137 
1647 1.0 326 
1648 1.0 263 
1649 1.0 179 
1650 1.0 298 
1651 1.0 195 
1652 1.0 178 
1653 1.0 303 
1654 1.0 500 
1655 1.0 342 
1656 1.0 247 
1657 1.0 253 
1658 1.0 500 
1659 1.0 388 
1660 1.0 244 
1661 1.0 449 
1662 1.0 353 
1663 1.0 411 
1664 1.0 270 
1665 1.0 357 
1666 1.0 168 
1667 1.0 162 
1668 1.0 301 
1669 1.0 255 
1670 1.0 500 
1671 1.0 400 
1672 1.0 321 
1673 1.0 500 
1674 1.0 330 
1675 1.0 371 
1676 1.0 421 
1677 1.0 338 
1678 1.0 321 
1679 1.0 285 
1680 1.0 323 
1681 1.0 217 
1682 1.0 331 
1683 1.0 275 
1684 1.0 311 
1685 1.0 300 
1686 1.0 359 
1687 1.0 302 
1688 1.0 230 
1689 1.0 192 
1690 1.0 273 
1691 1.0 308 
1692 1.0 251 
1693 1.0 238 
1694 1.0 272 
1695 1.0 177 
1696 1.0 253 
1697 1.0 322 
1698 1.0 214 
1699 1.0 228 
1700 1.0 239 
1701 1.0 240 
1702 1.0 12 
1703 1.0 396 
1704 1.0 288 
1705 1.0 393 
1706 1.0 281 
1707 1.0 308 
1708 1.0 296 
1709 1.0 356 
1710 1.0 369 
1711 1.0 362 
1712 1.0 235 
1713 1.0 297 
1714 1.0 289 
1715 1.0 278 
1716 1.0 300 
1717 1.0 310 
1718 1.0 101 
1719 1.0 12 
1720 1.0 321 
1721 1.0 280 
1722 1.0 258 
1723 1.0 270 
1724 1.0 262 
1725 1.0 340 
1726 1.0 266 
1727 1.0 260 
1728 1.0 215 
1729 1.0 325 
1730 1.0 271 
1731 1.0 375 
1732 1.0 281 
1733 1.0 311 
1734 1.0 470 
1735 1.0 181 
1736 1.0 352 
1737 1.0 230 
1738 1.0 410 
1739 1.0 247 
1740 1.0 207 
1741 1.0 297 
1742 1.0 201 
1743 1.0 380 
1744 1.0 353 
1745 1.0 257 
1746 1.0 312 
1747 1.0 354 
1748 1.0 268 
1749 1.0 265 
1750 1.0 268 
1751 1.0 245 
1752 1.0 425 
1753 1.0 79 
1754 1.0 389 
1755 1.0 298 
1756 1.0 460 
1757 1.0 342 
1758 1.0 392 
1759 1.0 214 
1760 1.0 133 
1761 1.0 307 
1762 1.0 416 
1763 1.0 91 
1764 1.0 369 
1765 1.0 104 
1766 1.0 59 
1767 1.0 70 
1768 1.0 35 
1769 1.0 500 
1770 1.0 144 
1771 1.0 100 
1772 1.0 51 
1773 1.0 447 
1774 1.0 224 
1775 1.0 344 
1776 1.0 261 
1777 1.0 335 
1778 1.0 287 
1779 1.0 34 
1780 1.0 56 
1781 1.0 55 
1782 1.0 50 
1783 1.0 58 
1784 1.0 45 
1785 1.0 73 
1786 1.0 56 
1787 1.0 67 
1788 1.0 129 
1789 1.0 132 
1790 1.0 122 
1791 1.0 172 
1792 1.0 172 
1793 1.0 178 
1794 1.0 200 
1795 1.0 180 
1796 1.0 331 
1797 1.0 113 
1798 1.0 142 
1799 1.0 165 
1800 1.0 168 
1801 1.0 180 
1802 1.0 169 
1803 1.0 500 
1804 1.0 229 
1805 1.0 324 
1806 1.0 296 
1807 1.0 173 
1808 1.0 264 
1809 1.0 216 
1810 1.0 224 
1811 1.0 183 
1812 1.0 278 
1813 1.0 220 
1814 1.0 257 
1815 1.0 296 
1816 1.0 90 
1817 1.0 215 
1818 1.0 275 
1819 1.0 311 
1820 1.0 193 
1821 1.0 215 
1822 1.0 294 
1823 1.0 227 
1824 1.0 61 
1825 1.0 252 
1826 1.0 237 
1827 1.0 254 
1828 1.0 244 
1829 1.0 267 
1830 1.0 13 
1831 1.0 311 
1832 1.0 329 
1833 1.0 318 
1834 1.0 365 
1835 1.0 240 
1836 1.0 284 
1837 1.0 246 
1838 1.0 176 
1839 1.0 218 
1840 1.0 494 
1841 1.0 13 
1842 1.0 453 
1843 1.0 8 
1844 1.0 75 
1845 1.0 55 
1846 1.0 63 
1847 1.0 78 
1848 1.0 29 
1849 1.0 136 
1850 1.0 107 
1851 1.0 68 
1852 1.0 245 
1853 1.0 335 
1854 1.0 249 
1855 1.0 158 
1856 1.0 269 
1857 1.0 119 
1858 1.0 267 
1859 1.0 500 
1860 1.0 262 
1861 1.0 220 
1862 1.0 270 
1863 1.0 221 
1864 1.0 354 
1865 1.0 292 
1866 1.0 334 
1867 1.0 218 
1868 1.0 286 
1869 1.0 118 
1870 1.0 174 
1871 1.0 296 
1872 1.0 201 
1873 1.0 229 
1874 1.0 435 
1875 1.0 274 
1876 1.0 287 
1877 1.0 417 
1878 1.0 212 
1879 1.0 294 
1880 1.0 242 
1881 1.0 261 
1882 1.0 191 
1883 1.0 159 
1884 1.0 160 
1885 1.0 213 
1886 1.0 229 
1887 1.0 273 
1888 1.0 11 
1889 1.0 113 
1890 1.0 64 
1891 1.0 293 
1892 1.0 22 
1893 1.0 9 
1894 1.0 9 
1895 1.0 10 
1896 1.0 10 
1897 1.0 10 
1898 1.0 9 
1899 1.0 10 
1900 1.0 10 
1901 1.0 9 
1902 1.0 10 
1903 1.0 9 
1904 1.0 10 
1905 1.0 11 
1906 1.0 12 
1907 1.0 8 
1908 1.0 33 
1909 1.0 33 
1910 1.0 307 
1911 1.0 20 
1912 1.0 11 
1913 1.0 27 
1914 1.0 14 
1915 1.0 18 
1916 1.0 44 
1917 1.0 12 
1918 1.0 26 
1919 1.0 14 
1920 1.0 10 
1921 1.0 12 
1922 1.0 409 
1923 1.0 18 
1924 1.0 11 
1925 1.0 310 
1926 1.0 10 
1927 1.0 24 
1928 1.0 9 
1929 1.0 10 
1930 1.0 10 
1931 1.0 11 
1932 1.0 10 
1933 1.0 10 
1934 1.0 9 
1935 1.0 8 
1936 1.0 9 
1937 1.0 10 
1938 1.0 242 
1939 1.0 131 
1940 1.0 280 
1941 1.0 381 
1942 1.0 80 
1943 1.0 206 
1944 1.0 82 
1945 1.0 236 
1946 1.0 96 
1947 1.0 413 
1948 1.0 500 
1949 1.0 393 
1950 1.0 364 
1951 1.0 387 
1952 1.0 439 
1953 1.0 427 
1954 1.0 459 
1955 1.0 345 
1956 1.0 500 
1957 1.0 359 
1958 1.0 9 
1959 1.0 11 
1960 1.0 19 
1961 1.0 24 
1962 1.0 18 
1963 1.0 12 
1964 1.0 34 
1965 1.0 122 
1966 1.0 40 
1967 1.0 243 
1968 1.0 151 
1969 1.0 232 
1970 1.0 209 
1971 1.0 278 
1972 1.0 500 
1973 1.0 11 
1974 1.0 267 
1975 1.0 54 
1976 1.0 30 
1977 1.0 131 
1978 1.0 87 
1979 1.0 500 
1980 1.0 288 
1981 1.0 500 
1982 1.0 222 
1983 1.0 295 
1984 1.0 320 
1985 1.0 246 
1986 1.0 500 
1987 1.0 500 
1988 1.0 500 
1989 1.0 295 
1990 1.0 262 
1991 1.0 222 
1992 1.0 417 
1993 1.0 374 
1994 1.0 500 
1995 1.0 500 
1996 1.0 390 
1997 1.0 500 
1998 1.0 206 
1999 1.0 337 
2000 1.0 206 
2001 1.0 212 
2002 1.0 477 
2003 1.0 404 
2004 1.0 500 
2005 1.0 59 
2006 1.0 45 
2007 1.0 134 
2008 1.0 258 
2009 1.0 186 
2010 1.0 229 
2011 1.0 257 
2012 1.0 296 
2013 1.0 67 
2014 1.0 346 
2015 1.0 309 
2016 1.0 262 
2017 1.0 245 
2018 1.0 246 
2019 1.0 244 
2020 1.0 15 
2021 1.0 247 
2022 1.0 314 
2023 1.0 500 
2024 1.0 283 
2025 1.0 418 
2026 1.0 500 
2027 1.0 264 
2028 1.0 500 
2029 1.0 500 
2030 1.0 248 
2031 1.0 326 
2032 1.0 291 
2033 1.0 255 
2034 1.0 248 
2035 1.0 219 
2036 1.0 325 
2037 1.0 299 
2038 1.0 289 
2039 1.0 221 
2040 1.0 261 
2041 1.0 227 
2042 1.0 247 
2043 1.0 208 
2044 1.0 247 
2045 1.0 267 
2046 1.0 197 
2047 1.0 281 
2048 1.0 343 
2049 1.0 279 
2050 1.0 333 
2051 1.0 218 
2052 1.0 242 
2053 1.0 416 
2054 1.0 280 
2055 1.0 500 
2056 1.0 310 
2057 1.0 320 
2058 1.0 252 
2059 1.0 219 
2060 1.0 163 
2061 1.0 75 
2062 1.0 368 
2063 1.0 41 
2064 1.0 56 
2065 1.0 230 
2066 1.0 266 
2067 1.0 500 
2068 1.0 16 
2069 1.0 500 
2070 1.0 405 
2071 1.0 241 
2072 1.0 458 
2073 1.0 329 
2074 1.0 500 
2075 1.0 417 
2076 1.0 372 
2077 1.0 362 
2078 1.0 324 
2079 1.0 269 
2080 1.0 366 
2081 1.0 317 
2082 1.0 494 
2083 1.0 331 
2084 1.0 415 
2085 1.0 354 
2086 1.0 295 
2087 1.0 175 
2088 1.0 388 
2089 1.0 500 
2090 1.0 500 
2091 1.0 393 
2092 1.0 442 
2093 1.0 278 
2094 1.0 102 
2095 1.0 442 
2096 1.0 51 
2097 1.0 157 
2098 1.0 48 
2099 1.0 119 
2100 1.0 204 
2101 1.0 500 
2102 1.0 384 
2103 1.0 269 
2104 1.0 274 
2105 1.0 480 
2106 1.0 341 
2107 1.0 282 
2108 1.0 354 
2109 1.0 429 
2110 1.0 246 
2111 1.0 444 
2112 1.0 313 
2113 1.0 277 
2114 1.0 270 
2115 1.0 12 
2116 1.0 351 
2117 1.0 164 
2118 1.0 240 
2119 1.0 207 
2120 1.0 218 
2121 1.0 206 
2122 1.0 308 
2123 1.0 191 
2124 1.0 227 
2125 1.0 203 
2126 1.0 291 
2127 1.0 254 
2128 1.0 224 
2129 1.0 180 
2130 1.0 15 
2131 1.0 13 
2132 1.0 500 
2133 1.0 9 
2134 1.0 32 
2135 1.0 70 
2136 1.0 89 
2137 1.0 76 
2138 1.0 257 
2139 1.0 58 
2140 1.0 26 
2141 1.0 44 
2142 1.0 40 
2143 1.0 43 
2144 1.0 37 
2145 1.0 44 
2146 1.0 52 
2147 1.0 31 
2148 1.0 34 
2149 1.0 48 
2150 1.0 99 
2151 1.0 42 
2152 1.0 79 
2153 1.0 45 
2154 1.0 40 
2155 1.0 44 
2156 1.0 45 
2157 1.0 55 
2158 1.0 55 
2159 1.0 39 
2160 1.0 44 
2161 1.0 51 
2162 1.0 53 
2163 1.0 39 
2164 1.0 47 
2165 1.0 239 
2166 1.0 47 
2167 1.0 168 
2168 1.0 138 
2169 1.0 241 
2170 1.0 191 
2171 1.0 52 
2172 1.0 225 
2173 1.0 134 
2174 1.0 369 
2175 1.0 251 
2176 1.0 293 
2177 1.0 313 
2178 1.0 323 
2179 1.0 41 
2180 1.0 294 
2181 1.0 134 
2182 1.0 111 
2183 1.0 45 
2184 1.0 259 
2185 1.0 62 
2186 1.0 405 
2187 1.0 265 
2188 1.0 226 
2189 1.0 125 
2190 1.0 48 
2191 1.0 43 
2192 1.0 140 
2193 1.0 55 
2194 1.0 19 
2195 1.0 301 
2196 1.0 13 
2197 1.0 11 
2198 1.0 302 
2199 1.0 401 
2200 1.0 230 
2201 1.0 302 
2202 1.0 301 
2203 1.0 196 
2204 1.0 247 
2205 1.0 251 
2206 1.0 15 
2207 1.0 292 
2208 1.0 14 
2209 1.0 180 
2210 1.0 163 
2211 1.0 233 
2212 1.0 284 
2213 1.0 249 
2214 1.0 354 
2215 1.0 269 
2216 1.0 289 
2217 1.0 406 
2218 1.0 434 
2219 1.0 354 
2220 1.0 254 
2221 1.0 500 
2222 1.0 458 
2223 1.0 500 
2224 1.0 433 
2225 1.0 10 
2226 1.0 218 
2227 1.0 272 
2228 1.0 190 
2229 1.0 471 
2230 1.0 444 
2231 1.0 387 
2232 1.0 320 
2233 1.0 293 
2234 1.0 15 
2235 1.0 374 
2236 1.0 366 
2237 1.0 386 
2238 1.0 500 
2239 1.0 393 
2240 1.0 279 
2241 1.0 392 
2242 1.0 411 
2243 1.0 335 
2244 1.0 350 
2245 1.0 12 
2246 1.0 10 
2247 1.0 304 
2248 1.0 12 
2249 1.0 15 
2250 1.0 10 
2251 1.0 15 
2252 1.0 15 
2253 1.0 298 
2254 1.0 260 
2255 1.0 291 
2256 1.0 14 
2257 1.0 291 
2258 1.0 311 
2259 1.0 389 
2260 1.0 402 
2261 1.0 378 
2262 1.0 371 
2263 1.0 226 
2264 1.0 226 
2265 1.0 229 
2266 1.0 291 
2267 1.0 248 
2268 1.0 243 
2269 1.0 219 
2270 1.0 287 
2271 1.0 314 
2272 1.0 177 
2273 1.0 240 
2274 1.0 210 
2275 1.0 220 
2276 1.0 215 
2277 1.0 268 
2278 1.0 178 
2279 1.0 177 
2280 1.0 171 
2281 1.0 163 
2282 1.0 197 
2283 1.0 189 
2284 1.0 282 
2285 1.0 261 
2286 1.0 180 
2287 1.0 215 
2288 1.0 277 
2289 1.0 252 
2290 1.0 275 
2291 1.0 234 
2292 1.0 274 
2293 1.0 376 
2294 1.0 197 
2295 1.0 188 
2296 1.0 211 
2297 1.0 256 
2298 1.0 235 
2299 1.0 232 
2300 1.0 242 
2301 1.0 222 
2302 1.0 222 
2303 1.0 277 
2304 1.0 347 
2305 1.0 163 
2306 1.0 245 
2307 1.0 183 
2308 1.0 248 
2309 1.0 217 
2310 1.0 445 
2311 1.0 377 
2312 1.0 207 
2313 1.0 179 
2314 1.0 252 
2315 1.0 237 
2316 1.0 496 
2317 1.0 291 
2318 1.0 281 
2319 1.0 237 
2320 1.0 294 
2321 1.0 232 
2322 1.0 230 
2323 1.0 314 
2324 1.0 241 
2325 1.0 220 
2326 1.0 272 
2327 1.0 206 
2328 1.0 233 
2329 1.0 219 
2330 1.0 220 
2331 1.0 310 
2332 1.0 165 
2333 1.0 223 
2334 1.0 230 
2335 1.0 209 
2336 1.0 235 
2337 1.0 255 
2338 1.0 205 
2339 1.0 215 
2340 1.0 371 
2341 1.0 245 
2342 1.0 240 
2343 1.0 240 
2344 1.0 242 
2345 1.0 246 
2346 1.0 252 
2347 1.0 238 
2348 1.0 301 
2349 1.0 283 
2350 1.0 297 
2351 1.0 385 
2352 1.0 292 
2353 1.0 406 
2354 1.0 259 
2355 1.0 277 
2356 1.0 190 
2357 1.0 187 
2358 1.0 178 
2359 1.0 194 
2360 1.0 232 
2361 1.0 252 
2362 1.0 288 
2363 1.0 181 
2364 1.0 195 
2365 1.0 219 
2366 1.0 193 
2367 1.0 170 
2368 1.0 192 
2369 1.0 161 
2370 1.0 201 
2371 1.0 323 
2372 1.0 99 
2373 1.0 156 
2374 1.0 175 
2375 1.0 171 
2376 1.0 169 
2377 1.0 180 
2378 1.0 25 
2379 1.0 168 
2380 1.0 120 
2381 1.0 189 
2382 1.0 182 
2383 1.0 223 
2384 1.0 235 
2385 1.0 207 
2386 1.0 229 
2387 1.0 435 
2388 1.0 353 
2389 1.0 311 
2390 1.0 258 
2391 1.0 270 
2392 1.0 321 
2393 1.0 210 
2394 1.0 246 
2395 1.0 303 
2396 1.0 365 
2397 1.0 220 
2398 1.0 500 
2399 1.0 240 
2400 1.0 269 
2401 1.0 231 
2402 1.0 253 
2403 1.0 213 
2404 1.0 231 
2405 1.0 195 
2406 1.0 184 
2407 1.0 203 
2408 1.0 110 
2409 1.0 206 
2410 1.0 184 
2411 1.0 182 
2412 1.0 242 
2413 1.0 312 
2414 1.0 187 
2415 1.0 215 
2416 1.0 270 
2417 1.0 206 
2418 1.0 425 
2419 1.0 224 
2420 1.0 285 
2421 1.0 382 
2422 1.0 190 
2423 1.0 154 
2424 1.0 193 
2425 1.0 200 
2426 1.0 173 
2427 1.0 203 
2428 1.0 224 
2429 1.0 317 
2430 1.0 191 
2431 1.0 156 
2432 1.0 174 
2433 1.0 156 
2434 1.0 182 
2435 1.0 160 
2436 1.0 335 
2437 1.0 174 
2438 1.0 200 
2439 1.0 169 
2440 1.0 217 
2441 1.0 184 
2442 1.0 199 
2443 1.0 215 
2444 1.0 235 
2445 1.0 183 
2446 1.0 204 
2447 1.0 500 
2448 1.0 500 
2449 1.0 190 
2450 1.0 225 
2451 1.0 310 
2452 1.0 225 
2453 1.0 256 
2454 1.0 261 
2455 1.0 175 
2456 1.0 217 
2457 1.0 160 
2458 1.0 218 
2459 1.0 159 
2460 1.0 248 
2461 1.0 161 
2462 1.0 238 
2463 1.0 193 
2464 1.0 197 
2465 1.0 312 
2466 1.0 304 
2467 1.0 194 
2468 1.0 185 
2469 1.0 288 
2470 1.0 183 
2471 1.0 160 
2472 1.0 188 
2473 1.0 162 
2474 1.0 197 
2475 1.0 408 
2476 1.0 193 
2477 1.0 269 
2478 1.0 175 
2479 1.0 232 
2480 1.0 216 
2481 1.0 178 
2482 1.0 170 
2483 1.0 182 
2484 1.0 278 
2485 1.0 166 
2486 1.0 220 
2487 1.0 212 
2488 1.0 181 
2489 1.0 146 
2490 1.0 159 
2491 1.0 238 
2492 1.0 257 
2493 1.0 279 
2494 1.0 205 
2495 1.0 238 
2496 1.0 255 
2497 1.0 184 
2498 1.0 261 
2499 1.0 265 
2500 1.0 242 
2501 1.0 236 
2502 1.0 213 
2503 1.0 258 
2504 1.0 234 
2505 1.0 262 
2506 1.0 235 
2507 1.0 128 
2508 1.0 198 
2509 1.0 261 
2510 1.0 140 
2511 1.0 132 
2512 1.0 150 
2513 1.0 122 
2514 1.0 152 
2515 1.0 151 
2516 1.0 191 
2517 1.0 146 
2518 1.0 132 
2519 1.0 88 
2520 1.0 182 
2521 1.0 111 
2522 1.0 137 
2523 1.0 112 
2524 1.0 137 
2525 1.0 124 
2526 1.0 132 
2527 1.0 366 
2528 1.0 360 
2529 1.0 263 
2530 1.0 220 
2531 1.0 162 
2532 1.0 253 
2533 1.0 148 
2534 1.0 196 
2535 1.0 118 
2536 1.0 131 
2537 1.0 113 
2538 1.0 121 
2539 1.0 167 
2540 1.0 165 
2541 1.0 109 
2542 1.0 227 
2543 1.0 152 
2544 1.0 150 
2545 1.0 145 
2546 1.0 157 
2547 1.0 212 
2548 1.0 161 
2549 1.0 157 
2550 1.0 144 
2551 1.0 132 
2552 1.0 269 
2553 1.0 138 
2554 1.0 32 
2555 1.0 89 
2556 1.0 132 
2557 1.0 131 
2558 1.0 29 
2559 1.0 32 
2560 1.0 27 
2561 1.0 79 
2562 1.0 15 
2563 1.0 99 
2564 1.0 102 
2565 1.0 124 
2566 1.0 107 
2567 1.0 118 
2568 1.0 106 
2569 1.0 57 
2570 1.0 111 
2571 1.0 105 
2572 1.0 108 
2573 1.0 116 
2574 1.0 113 
2575 1.0 119 
2576 1.0 208 
2577 1.0 91 
2578 1.0 154 
2579 1.0 103 
2580 1.0 104 
2581 1.0 114 
2582 1.0 183 
2583 1.0 215 
2584 1.0 126 
2585 1.0 152 
2586 1.0 126 
2587 1.0 143 
2588 1.0 240 
2589 1.0 243 
2590 1.0 240 
2591 1.0 163 
2592 1.0 154 
2593 1.0 174 
2594 1.0 199 
2595 1.0 304 
2596 1.0 239 
2597 1.0 321 
2598 1.0 185 
2599 1.0 212 
2600 1.0 11 
2601 1.0 190 
2602 1.0 10 
2603 1.0 150 
2604 1.0 134 
2605 1.0 192 
2606 1.0 196 
2607 1.0 364 
2608 1.0 237 
2609 1.0 92 
2610 1.0 118 
2611 1.0 127 
2612 1.0 50 
2613 1.0 23 
2614 1.0 76 
2615 1.0 239 
2616 1.0 92 
2617 1.0 110 
2618 1.0 112 
2619 1.0 182 
2620 1.0 219 
2621 1.0 156 
2622 1.0 167 
2623 1.0 282 
2624 1.0 199 
2625 1.0 111 
2626 1.0 29 
2627 1.0 11 
2628 1.0 273 
2629 1.0 10 
2630 1.0 25 
2631 1.0 14 
2632 1.0 10 
2633 1.0 13 
2634 1.0 120 
2635 1.0 186 
2636 1.0 108 
2637 1.0 139 
2638 1.0 259 
2639 1.0 231 
2640 1.0 144 
2641 1.0 202 
2642 1.0 206 
2643 1.0 83 
2644 1.0 178 
2645 1.0 165 
2646 1.0 223 
2647 1.0 225 
2648 1.0 167 
2649 1.0 238 
2650 1.0 185 
2651 1.0 158 
2652 1.0 218 
2653 1.0 146 
2654 1.0 174 
2655 1.0 164 
2656 1.0 157 
2657 1.0 167 
2658 1.0 171 
2659 1.0 201 
2660 1.0 215 
2661 1.0 11 
2662 1.0 144 
2663 1.0 11 
2664 1.0 13 
2665 1.0 173 
2666 1.0 190 
2667 1.0 200 
2668 1.0 181 
2669 1.0 278 
2670 1.0 200 
2671 1.0 138 
2672 1.0 13 
2673 1.0 118 
2674 1.0 107 
2675 1.0 179 
2676 1.0 140 
2677 1.0 211 
2678 1.0 223 
2679 1.0 168 
2680 1.0 193 
2681 1.0 199 
2682 1.0 165 
2683 1.0 15 
2684 1.0 129 
2685 1.0 158 
2686 1.0 135 
2687 1.0 155 
2688 1.0 152 
2689 1.0 89 
2690 1.0 92 
2691 1.0 146 
2692 1.0 129 
2693 1.0 164 
2694 1.0 261 
2695 1.0 152 
2696 1.0 183 
2697 1.0 123 
2698 1.0 9 
2699 1.0 28 
2700 1.0 35 
2701 1.0 87 
2702 1.0 45 
2703 1.0 70 
2704 1.0 47 
2705 1.0 14 
2706 1.0 51 
2707 1.0 81 
2708 1.0 134 
2709 1.0 78 
2710 1.0 69 
2711 1.0 162 
2712 1.0 13 
2713 1.0 150 
2714 1.0 224 
2715 1.0 155 
2716 1.0 15 
2717 1.0 86 
2718 1.0 18 
2719 1.0 41 
2720 1.0 49 
2721 1.0 42 
2722 1.0 43 
2723 1.0 86 
2724 1.0 92 
2725 1.0 85 
2726 1.0 85 
2727 1.0 144 
2728 1.0 130 
2729 1.0 78 
2730 1.0 19 
2731 1.0 20 
2732 1.0 164 
2733 1.0 88 
2734 1.0 155 
2735 1.0 239 
2736 1.0 92 
2737 1.0 90 
2738 1.0 164 
2739 1.0 163 
2740 1.0 91 
2741 1.0 107 
2742 1.0 31 
2743 1.0 152 
2744 1.0 205 
2745 1.0 283 
2746 1.0 175 
2747 1.0 174 
2748 1.0 198 
2749 1.0 211 
2750 1.0 261 
2751 1.0 323 
2752 1.0 161 
2753 1.0 206 
2754 1.0 227 
2755 1.0 326 
2756 1.0 138 
2757 1.0 324 
2758 1.0 139 
2759 1.0 147 
2760 1.0 184 
2761 1.0 146 
2762 1.0 133 
2763 1.0 254 
2764 1.0 165 
2765 1.0 267 
2766 1.0 169 
2767 1.0 139 
2768 1.0 278 
2769 1.0 127 
2770 1.0 222 
2771 1.0 163 
2772 1.0 131 
2773 1.0 101 
2774 1.0 169 
2775 1.0 226 
2776 1.0 177 
2777 1.0 176 
2778 1.0 221 
2779 1.0 249 
2780 1.0 311 
2781 1.0 122 
2782 1.0 263 
2783 1.0 245 
2784 1.0 152 
2785 1.0 236 
2786 1.0 193 
2787 1.0 156 
2788 1.0 142 
2789 1.0 142 
2790 1.0 127 
2791 1.0 145 
2792 1.0 133 
2793 1.0 198 
2794 1.0 159 
2795 1.0 161 
2796 1.0 14 
2797 1.0 124 
2798 1.0 125 
2799 1.0 155 
2800 1.0 155 
2801 1.0 128 
2802 1.0 140 
2803 1.0 159 
2804 1.0 167 
2805 1.0 296 
2806 1.0 311 
2807 1.0 195 
2808 1.0 206 
2809 1.0 228 
2810 1.0 200 
2811 1.0 323 
2812 1.0 154 
2813 1.0 201 
2814 1.0 166 
2815 1.0 144 
2816 1.0 163 
2817 1.0 210 
2818 1.0 262 
2819 1.0 194 
2820 1.0 299 
2821 1.0 225 
2822 1.0 206 
2823 1.0 213 
2824 1.0 175 
2825 1.0 156 
2826 1.0 132 
2827 1.0 148 
2828 1.0 185 
2829 1.0 169 
2830 1.0 226 
2831 1.0 275 
2832 1.0 206 
2833 1.0 182 
2834 1.0 280 
2835 1.0 153 
2836 1.0 249 
2837 1.0 158 
2838 1.0 164 
2839 1.0 156 
2840 1.0 186 
2841 1.0 184 
2842 1.0 180 
2843 1.0 162 
2844 1.0 225 
2845 1.0 191 
2846 1.0 203 
2847 1.0 157 
2848 1.0 148 
2849 1.0 155 
2850 1.0 153 
2851 1.0 92 
2852 1.0 146 
2853 1.0 452 
2854 1.0 155 
2855 1.0 170 
2856 1.0 150 
2857 1.0 102 
2858 1.0 162 
2859 1.0 153 
2860 1.0 12 
2861 1.0 160 
2862 1.0 185 
2863 1.0 138 
2864 1.0 137 
2865 1.0 103 
2866 1.0 141 
2867 1.0 235 
2868 1.0 227 
2869 1.0 123 
2870 1.0 240 
2871 1.0 225 
2872 1.0 231 
2873 1.0 109 
2874 1.0 249 
2875 1.0 167 
2876 1.0 144 
2877 1.0 287 
2878 1.0 213 
2879 1.0 191 
2880 1.0 205 
2881 1.0 134 
2882 1.0 145 
2883 1.0 222 
2884 1.0 296 
2885 1.0 187 
2886 1.0 175 
2887 1.0 169 
2888 1.0 138 
2889 1.0 114 
2890 1.0 206 
2891 1.0 113 
2892 1.0 137 
2893 1.0 265 
2894 1.0 179 
2895 1.0 259 
2896 1.0 143 
2897 1.0 246 
2898 1.0 192 
2899 1.0 170 
2900 1.0 112 
2901 1.0 176 
2902 1.0 87 
2903 1.0 115 
2904 1.0 152 
2905 1.0 169 
2906 1.0 168 
2907 1.0 201 
2908 1.0 114 
2909 1.0 11 
2910 1.0 220 
2911 1.0 179 
2912 1.0 161 
2913 1.0 162 
2914 1.0 186 
2915 1.0 249 
2916 1.0 182 
2917 1.0 143 
2918 1.0 161 
2919 1.0 381 
2920 1.0 157 
2921 1.0 203 
2922 1.0 169 
2923 1.0 153 
2924 1.0 135 
2925 1.0 159 
2926 1.0 214 
2927 1.0 166 
2928 1.0 177 
2929 1.0 257 
2930 1.0 217 
2931 1.0 235 
2932 1.0 162 
2933 1.0 194 
2934 1.0 171 
2935 1.0 177 
2936 1.0 218 
2937 1.0 190 
2938 1.0 212 
2939 1.0 162 
2940 1.0 295 
2941 1.0 205 
2942 1.0 207 
2943 1.0 153 
2944 1.0 147 
2945 1.0 171 
2946 1.0 175 
2947 1.0 168 
2948 1.0 14 
2949 1.0 115 
2950 1.0 264 
2951 1.0 185 
2952 1.0 231 
2953 1.0 150 
2954 1.0 182 
2955 1.0 174 
2956 1.0 135 
2957 1.0 205 
2958 1.0 199 
2959 1.0 201 
2960 1.0 172 
2961 1.0 195 
2962 1.0 171 
2963 1.0 131 
2964 1.0 165 
2965 1.0 182 
2966 1.0 167 
2967 1.0 165 
2968 1.0 199 
2969 1.0 175 
2970 1.0 144 
2971 1.0 13 
2972 1.0 142 
2973 1.0 149 
2974 1.0 123 
2975 1.0 122 
2976 1.0 173 
2977 1.0 138 
2978 1.0 191 
2979 1.0 194 
2980 1.0 208 
2981 1.0 257 
2982 1.0 192 
2983 1.0 238 
2984 1.0 278 
2985 1.0 208 
2986 1.0 202 
2987 1.0 204 
2988 1.0 188 
2989 1.0 238 
2990 1.0 226 
2991 1.0 183 
2992 1.0 160 
2993 1.0 184 
2994 1.0 252 
2995 1.0 394 
2996 1.0 11 
2997 1.0 143 
2998 1.0 199 
2999 1.0 177 
3000 1.0 237 
3001 1.0 232 
3002 1.0 191 
3003 1.0 87 
3004 1.0 9 
3005 1.0 289 
3006 1.0 164 
3007 1.0 189 
3008 1.0 164 
3009 1.0 175 
3010 1.0 373 
3011 1.0 121 
3012 1.0 137 
3013 1.0 177 
3014 1.0 79 
3015 1.0 213 
3016 1.0 81 
3017 1.0 114 
3018 1.0 208 
3019 1.0 95 
3020 1.0 148 
3021 1.0 206 
3022 1.0 158 
3023 1.0 235 
3024 1.0 226 
3025 1.0 151 
3026 1.0 100 
3027 1.0 105 
3028 1.0 102 
3029 1.0 178 
3030 1.0 199 
3031 1.0 317 
3032 1.0 178 
3033 1.0 250 
3034 1.0 161 
3035 1.0 11 
3036 1.0 204 
3037 1.0 210 
3038 1.0 183 
3039 1.0 99 
3040 1.0 274 
3041 1.0 216 
3042 1.0 183 
3043 1.0 253 
3044 1.0 394 
3045 1.0 94 
3046 1.0 226 
3047 1.0 185 
3048 1.0 14 
3049 1.0 11 
3050 1.0 13 
3051 1.0 119 
3052 1.0 10 
3053 1.0 153 
3054 1.0 14 
3055 1.0 11 
3056 1.0 10 
3057 1.0 12 
3058 1.0 160 
3059 1.0 12 
3060 1.0 191 
3061 1.0 252 
3062 1.0 338 
3063 1.0 9 
3064 1.0 9 
3065 1.0 10 
3066 1.0 11 
3067 1.0 10 
3068 1.0 9 
3069 1.0 9 
3070 1.0 8 
3071 1.0 9 
3072 1.0 12 
3073 1.0 10 
3074 1.0 9 
3075 1.0 9 
3076 1.0 179 
3077 1.0 116 
3078 1.0 182 
3079 1.0 163 
3080 1.0 153 
3081 1.0 238 
3082 1.0 266 
3083 1.0 83 
3084 1.0 87 
3085 1.0 22 
3086 1.0 16 
3087 1.0 35 
3088 1.0 194 
3089 1.0 162 
3090 1.0 210 
3091 1.0 11 
3092 1.0 238 
3093 1.0 24 
3094 1.0 177 
3095 1.0 138 
3096 1.0 86 
3097 1.0 169 
3098 1.0 225 
3099 1.0 12 
3100 1.0 80 
3101 1.0 35 
3102 1.0 36 
3103 1.0 40 
3104 1.0 22 
3105 1.0 435 
3106 1.0 274 
3107 1.0 194 
3108 1.0 117 
3109 1.0 31 
3110 1.0 127 
3111 1.0 153 
3112 1.0 143 
3113 1.0 177 
3114 1.0 343 
3115 1.0 141 
3116 1.0 224 
3117 1.0 204 
3118 1.0 402 
3119 1.0 259 
3120 1.0 275 
3121 1.0 217 
3122 1.0 235 
3123 1.0 182 
3124 1.0 232 
3125 1.0 248 
3126 1.0 168 
3127 1.0 223 
3128 1.0 268 
3129 1.0 500 
3130 1.0 358 
3131 1.0 212 
3132 1.0 255 
3133 1.0 237 
3134 1.0 343 
3135 1.0 214 
3136 1.0 192 
3137 1.0 224 
3138 1.0 268 
3139 1.0 168 
3140 1.0 264 
3141 1.0 260 
3142 1.0 265 
3143 1.0 145 
3144 1.0 209 
3145 1.0 193 
3146 1.0 185 
3147 1.0 179 
3148 1.0 112 
3149 1.0 106 
3150 1.0 170 
3151 1.0 152 
3152 1.0 219 
3153 1.0 161 
3154 1.0 215 
3155 1.0 189 
3156 1.0 182 
3157 1.0 196 
3158 1.0 248 
3159 1.0 330 
3160 1.0 402 
3161 1.0 275 
3162 1.0 168 
3163 1.0 179 
3164 1.0 400 
3165 1.0 171 
3166 1.0 388 
3167 1.0 165 
3168 1.0 179 
3169 1.0 246 
3170 1.0 191 
3171 1.0 225 
3172 1.0 184 
3173 1.0 161 
3174 1.0 174 
3175 1.0 425 
3176 1.0 303 
3177 1.0 188 
3178 1.0 167 
3179 1.0 227 
3180 1.0 147 
3181 1.0 181 
3182 1.0 182 
3183 1.0 208 
3184 1.0 124 
3185 1.0 331 
3186 1.0 224 
3187 1.0 319 
3188 1.0 189 
3189 1.0 129 
3190 1.0 211 
3191 1.0 196 
3192 1.0 186 
3193 1.0 201 
3194 1.0 206 
3195 1.0 150 
3196 1.0 389 
3197 1.0 260 
3198 1.0 248 
3199 1.0 279 
3200 1.0 224 
3201 1.0 229 
3202 1.0 233 
3203 1.0 249 
3204 1.0 177 
3205 1.0 162 
3206 1.0 437 
3207 1.0 243 
3208 1.0 237 
3209 1.0 237 
3210 1.0 227 
3211 1.0 206 
3212 1.0 342 
3213 1.0 302 
3214 1.0 189 
3215 1.0 500 
3216 1.0 162 
3217 1.0 226 
3218 1.0 206 
3219 1.0 297 
3220 1.0 286 
3221 1.0 149 
3222 1.0 251 
3223 1.0 226 
3224 1.0 263 
3225 1.0 247 
3226 1.0 372 
3227 1.0 385 
3228 1.0 222 
3229 1.0 290 
3230 1.0 219 
3231 1.0 216 
3232 1.0 352 
3233 1.0 150 
3234 1.0 211 
3235 1.0 269 
3236 1.0 336 
3237 1.0 284 
3238 1.0 183 
3239 1.0 197 
3240 1.0 202 
3241 1.0 309 
3242 1.0 153 
3243 1.0 241 
3244 1.0 306 
3245 1.0 220 
3246 1.0 292 
3247 1.0 305 
3248 1.0 285 
3249 1.0 306 
3250 1.0 183 
3251 1.0 166 
3252 1.0 222 
3253 1.0 180 
3254 1.0 155 
3255 1.0 314 
3256 1.0 229 
3257 1.0 274 
3258 1.0 287 
3259 1.0 260 
3260 1.0 294 
3261 1.0 232 
3262 1.0 280 
3263 1.0 171 
3264 1.0 293 
3265 1.0 171 
3266 1.0 200 
3267 1.0 254 
3268 1.0 204 
3269 1.0 269 
3270 1.0 194 
3271 1.0 186 
3272 1.0 230 
3273 1.0 193 
3274 1.0 449 
3275 1.0 242 
3276 1.0 251 
3277 1.0 242 
3278 1.0 299 
3279 1.0 202 
3280 1.0 341 
3281 1.0 210 
3282 1.0 237 
3283 1.0 381 
3284 1.0 245 
3285 1.0 461 
3286 1.0 220 
3287 1.0 271 
3288 1.0 208 
3289 1.0 310 
3290 1.0 293 
3291 1.0 168 
3292 1.0 255 
3293 1.0 391 
3294 1.0 318 
3295 1.0 454 
3296 1.0 500 
3297 1.0 271 
3298 1.0 190 
3299 1.0 161 
3300 1.0 9 
3301 1.0 9 
3302 1.0 12 
3303 1.0 11 
3304 1.0 185 
3305 1.0 177 
3306 1.0 157 
3307 1.0 166 
3308 1.0 217 
3309 1.0 185 
3310 1.0 146 
3311 1.0 241 
3312 1.0 196 
3313 1.0 158 
3314 1.0 189 
3315 1.0 195 
3316 1.0 231 
3317 1.0 224 
3318 1.0 219 
3319 1.0 234 
3320 1.0 247 
3321 1.0 236 
3322 1.0 242 
3323 1.0 406 
3324 1.0 235 
3325 1.0 195 
3326 1.0 183 
3327 1.0 178 
3328 1.0 132 
3329 1.0 206 
3330 1.0 163 
3331 1.0 239 
3332 1.0 8 
3333 1.0 11 
3334 1.0 180 
3335 1.0 203 
3336 1.0 159 
3337 1.0 220 
3338 1.0 266 
3339 1.0 158 
3340 1.0 141 
3341 1.0 230 
3342 1.0 123 
3343 1.0 229 
3344 1.0 118 
3345 1.0 211 
3346 1.0 148 
3347 1.0 195 
3348 1.0 172 
3349 1.0 169 
3350 1.0 316 
3351 1.0 247 
3352 1.0 177 
3353 1.0 189 
3354 1.0 124 
3355 1.0 250 
3356 1.0 116 
3357 1.0 246 
3358 1.0 162 
3359 1.0 197 
3360 1.0 193 
3361 1.0 183 
3362 1.0 189 
3363 1.0 201 
3364 1.0 444 
3365 1.0 121 
3366 1.0 157 
3367 1.0 131 
3368 1.0 309 
3369 1.0 189 
3370 1.0 191 
3371 1.0 189 
3372 1.0 231 
3373 1.0 177 
3374 1.0 270 
3375 1.0 206 
3376 1.0 144 
3377 1.0 167 
3378 1.0 21 
3379 1.0 193 
3380 1.0 154 
3381 1.0 259 
3382 1.0 176 
3383 1.0 210 
3384 1.0 136 
3385 1.0 249 
3386 1.0 133 
3387 1.0 142 
3388 1.0 19 
3389 1.0 162 
3390 1.0 281 
3391 1.0 213 
3392 1.0 198 
3393 1.0 150 
3394 1.0 489 
3395 1.0 139 
3396 1.0 219 
3397 1.0 159 
3398 1.0 12 
3399 1.0 160 
3400 1.0 28 
3401 1.0 10 
3402 1.0 133 
3403 1.0 126 
3404 1.0 183 
3405 1.0 138 
3406 1.0 146 
3407 1.0 124 
3408 1.0 149 
3409 1.0 131 
3410 1.0 171 
3411 1.0 184 
3412 1.0 163 
3413 1.0 161 
3414 1.0 198 
3415 1.0 199 
3416 1.0 143 
3417 1.0 130 
3418 1.0 163 
3419 1.0 155 
3420 1.0 168 
3421 1.0 166 
3422 1.0 252 
3423 1.0 126 
3424 1.0 222 
3425 1.0 142 
3426 1.0 118 
3427 1.0 230 
3428 1.0 137 
3429 1.0 190 
3430 1.0 129 
3431 1.0 150 
3432 1.0 150 
3433 1.0 136 
3434 1.0 206 
3435 1.0 160 
3436 1.0 222 
3437 1.0 179 
3438 1.0 230 
3439 1.0 190 
3440 1.0 145 
3441 1.0 185 
3442 1.0 203 
3443 1.0 233 
3444 1.0 247 
3445 1.0 174 
3446 1.0 224 
3447 1.0 155 
3448 1.0 363 
3449 1.0 142 
3450 1.0 205 
3451 1.0 221 
3452 1.0 166 
3453 1.0 146 
3454 1.0 203 
3455 1.0 255 
3456 1.0 403 
3457 1.0 214 
3458 1.0 173 
3459 1.0 181 
3460 1.0 207 
3461 1.0 180 
3462 1.0 316 
3463 1.0 171 
3464 1.0 190 
3465 1.0 190 
3466 1.0 432 
3467 1.0 213 
3468 1.0 183 
3469 1.0 266 
3470 1.0 226 
3471 1.0 132 
3472 1.0 177 
3473 1.0 364 
3474 1.0 235 
3475 1.0 180 
3476 1.0 114 
3477 1.0 156 
3478 1.0 119 
3479 1.0 211 
3480 1.0 117 
3481 1.0 125 
3482 1.0 119 
3483 1.0 76 
3484 1.0 97 
3485 1.0 93 
3486 1.0 110 
3487 1.0 120 
3488 1.0 122 
3489 1.0 107 
3490 1.0 243 
3491 1.0 96 
3492 1.0 153 
3493 1.0 143 
3494 1.0 235 
3495 1.0 178 
3496 1.0 133 
3497 1.0 260 
3498 1.0 134 
3499 1.0 278 
3500 1.0 105 
3501 1.0 181 
3502 1.0 155 
3503 1.0 189 
3504 1.0 216 
3505 1.0 292 
3506 1.0 163 
3507 1.0 169 
3508 1.0 169 
3509 1.0 201 
3510 1.0 68 
3511 1.0 146 
3512 1.0 167 
3513 1.0 161 
3514 1.0 159 
3515 1.0 144 
3516 1.0 167 
3517 1.0 150 
3518 1.0 236 
3519 1.0 229 
3520 1.0 160 
3521 1.0 165 
3522 1.0 181 
3523 1.0 137 
3524 1.0 135 
3525 1.0 162 
3526 1.0 154 
3527 1.0 198 
3528 1.0 51 
3529 1.0 140 
3530 1.0 177 
3531 1.0 139 
3532 1.0 166 
3533 1.0 169 
3534 1.0 37 
3535 1.0 33 
3536 1.0 145 
3537 1.0 138 
3538 1.0 132 
3539 1.0 131 
3540 1.0 169 
3541 1.0 139 
3542 1.0 242 
3543 1.0 122 
3544 1.0 215 
3545 1.0 129 
3546 1.0 122 
3547 1.0 182 
3548 1.0 136 
3549 1.0 129 
3550 1.0 234 
3551 1.0 158 
3552 1.0 147 
3553 1.0 219 
3554 1.0 189 
3555 1.0 166 
3556 1.0 153 
3557 1.0 237 
3558 1.0 257 
3559 1.0 216 
3560 1.0 327 
3561 1.0 233 
3562 1.0 169 
3563 1.0 155 
3564 1.0 242 
3565 1.0 97 
3566 1.0 150 
3567 1.0 156 
3568 1.0 148 
3569 1.0 168 
3570 1.0 181 
3571 1.0 148 
3572 1.0 234 
3573 1.0 143 
3574 1.0 256 
3575 1.0 198 
3576 1.0 247 
3577 1.0 146 
3578 1.0 254 
3579 1.0 50 
3580 1.0 137 
3581 1.0 364 
3582 1.0 170 
3583 1.0 206 
3584 1.0 146 
3585 1.0 173 
3586 1.0 201 
3587 1.0 212 
3588 1.0 147 
3589 1.0 17 
3590 1.0 144 
3591 1.0 232 
3592 1.0 322 
3593 1.0 152 
3594 1.0 171 
3595 1.0 222 
3596 1.0 209 
3597 1.0 133 
3598 1.0 174 
3599 1.0 147 
3600 1.0 196 
3601 1.0 146 
3602 1.0 149 
3603 1.0 137 
3604 1.0 147 
3605 1.0 125 
3606 1.0 149 
3607 1.0 134 
3608 1.0 147 
3609 1.0 134 
3610 1.0 134 
3611 1.0 139 
3612 1.0 116 
3613 1.0 130 
3614 1.0 18 
3615 1.0 190 
3616 1.0 178 
3617 1.0 158 
3618 1.0 157 
3619 1.0 127 
3620 1.0 181 
3621 1.0 121 
3622 1.0 144 
3623 1.0 10 
3624 1.0 13 
3625 1.0 10 
3626 1.0 15 
3627 1.0 13 
3628 1.0 131 
3629 1.0 14 
3630 1.0 15 
3631 1.0 13 
3632 1.0 119 
3633 1.0 146 
3634 1.0 21 
3635 1.0 130 
3636 1.0 14 
3637 1.0 13 
3638 1.0 11 
3639 1.0 122 
3640 1.0 142 
3641 1.0 135 
3642 1.0 21 
3643 1.0 21 
3644 1.0 143 
3645 1.0 159 
3646 1.0 14 
3647 1.0 127 
3648 1.0 165 
3649 1.0 16 
3650 1.0 189 
3651 1.0 12 
3652 1.0 146 
3653 1.0 125 
3654 1.0 131 
3655 1.0 14 
3656 1.0 139 
3657 1.0 265 
3658 1.0 151 
3659 1.0 161 
3660 1.0 140 
3661 1.0 155 
3662 1.0 148 
3663 1.0 15 
3664 1.0 379 
3665 1.0 167 
3666 1.0 161 
3667 1.0 12 
3668 1.0 18 
3669 1.0 13 
3670 1.0 167 
3671 1.0 132 
3672 1.0 181 
3673 1.0 186 
3674 1.0 194 
3675 1.0 179 
3676 1.0 175 
3677 1.0 144 
3678 1.0 184 
3679 1.0 208 
3680 1.0 202 
3681 1.0 160 
3682 1.0 123 
3683 1.0 135 
3684 1.0 160 
3685 1.0 175 
3686 1.0 185 
3687 1.0 153 
3688 1.0 158 
3689 1.0 17 
3690 1.0 177 
3691 1.0 183 
3692 1.0 145 
3693 1.0 154 
3694 1.0 10 
3695 1.0 176 
3696 1.0 211 
3697 1.0 389 
3698 1.0 184 
3699 1.0 247 
3700 1.0 283 
3701 1.0 17 
3702 1.0 191 
3703 1.0 163 
3704 1.0 117 
3705 1.0 133 
3706 1.0 241 
3707 1.0 370 
3708 1.0 292 
3709 1.0 218 
3710 1.0 83 
3711 1.0 137 
3712 1.0 172 
3713 1.0 241 
3714 1.0 271 
3715 1.0 112 
3716 1.0 126 
3717 1.0 182 
3718 1.0 230 
3719 1.0 122 
3720 1.0 268 
3721 1.0 229 
3722 1.0 184 
3723 1.0 110 
3724 1.0 78 
3725 1.0 144 
3726 1.0 138 
3727 1.0 235 
3728 1.0 173 
3729 1.0 309 
3730 1.0 315 
3731 1.0 206 
3732 1.0 194 
3733 1.0 164 
3734 1.0 153 
3735 1.0 196 
3736 1.0 377 
3737 1.0 310 
3738 1.0 461 
3739 1.0 181 
3740 1.0 224 
3741 1.0 127 
3742 1.0 328 
3743 1.0 173 
3744 1.0 148 
3745 1.0 195 
3746 1.0 191 
3747 1.0 234 
3748 1.0 241 
3749 1.0 317 
3750 1.0 188 
3751 1.0 185 
3752 1.0 227 
3753 1.0 274 
3754 1.0 187 
3755 1.0 263 
3756 1.0 378 
3757 1.0 342 
3758 1.0 228 
3759 1.0 371 
3760 1.0 228 
3761 1.0 231 
3762 1.0 313 
3763 1.0 248 
3764 1.0 336 
3765 1.0 306 
3766 1.0 178 
3767 1.0 239 
3768 1.0 196 
3769 1.0 175 
3770 1.0 15 
3771 1.0 190 
3772 1.0 11 
3773 1.0 16 
3774 1.0 138 
3775 1.0 14 
3776 1.0 16 
3777 1.0 137 
3778 1.0 15 
3779 1.0 151 
3780 1.0 16 
3781 1.0 193 
3782 1.0 179 
3783 1.0 14 
3784 1.0 145 
3785 1.0 157 
3786 1.0 15 
3787 1.0 193 
3788 1.0 136 
3789 1.0 206 
3790 1.0 191 
3791 1.0 164 
3792 1.0 13 
3793 1.0 124 
3794 1.0 18 
3795 1.0 15 
3796 1.0 146 
3797 1.0 210 
3798 1.0 127 
3799 1.0 156 
3800 1.0 161 
3801 1.0 196 
3802 1.0 203 
3803 1.0 214 
3804 1.0 267 
3805 1.0 169 
3806 1.0 224 
3807 1.0 266 
3808 1.0 250 
3809 1.0 264 
3810 1.0 254 
3811 1.0 271 
3812 1.0 156 
3813 1.0 185 
3814 1.0 208 
3815 1.0 180 
3816 1.0 142 
3817 1.0 20 
3818 1.0 133 
3819 1.0 131 
3820 1.0 126 
3821 1.0 145 
3822 1.0 133 
3823 1.0 127 
3824 1.0 14 
3825 1.0 210 
3826 1.0 200 
3827 1.0 214 
3828 1.0 154 
3829 1.0 257 
3830 1.0 20 
3831 1.0 223 
3832 1.0 122 
3833 1.0 280 
3834 1.0 244 
3835 1.0 138 
3836 1.0 145 
3837 1.0 170 
3838 1.0 261 
3839 1.0 181 
3840 1.0 168 
3841 1.0 198 
3842 1.0 165 
3843 1.0 166 
3844 1.0 133 
3845 1.0 144 
3846 1.0 187 
3847 1.0 209 
3848 1.0 248 
3849 1.0 33 
3850 1.0 120 
3851 1.0 117 
3852 1.0 31 
3853 1.0 105 
3854 1.0 52 
3855 1.0 28 
3856 1.0 34 
3857 1.0 256 
3858 1.0 205 
3859 1.0 116 
3860 1.0 152 
3861 1.0 355 
3862 1.0 101 
3863 1.0 191 
3864 1.0 157 
3865 1.0 227 
3866 1.0 119 
3867 1.0 258 
3868 1.0 300 
3869 1.0 237 
3870 1.0 177 
3871 1.0 275 
3872 1.0 244 
3873 1.0 20 
3874 1.0 130 
3875 1.0 193 
3876 1.0 197 
3877 1.0 225 
3878 1.0 176 
3879 1.0 132 
3880 1.0 226 
3881 1.0 194 
3882 1.0 123 
3883 1.0 118 
3884 1.0 233 
3885 1.0 147 
3886 1.0 179 
3887 1.0 119 
3888 1.0 147 
3889 1.0 122 
3890 1.0 116 
3891 1.0 295 
3892 1.0 153 
3893 1.0 196 
3894 1.0 161 
3895 1.0 169 
3896 1.0 298 
3897 1.0 289 
3898 1.0 158 
3899 1.0 134 
3900 1.0 212 
3901 1.0 123 
3902 1.0 156 
3903 1.0 207 
3904 1.0 195 
3905 1.0 179 
3906 1.0 137 
3907 1.0 173 
3908 1.0 133 
3909 1.0 128 
3910 1.0 148 
3911 1.0 165 
3912 1.0 167 
3913 1.0 185 
3914 1.0 167 
3915 1.0 156 
3916 1.0 153 
3917 1.0 304 
3918 1.0 114 
3919 1.0 162 
3920 1.0 164 
3921 1.0 142 
3922 1.0 109 
3923 1.0 149 
3924 1.0 143 
3925 1.0 156 
3926 1.0 251 
3927 1.0 155 
3928 1.0 153 
3929 1.0 165 
3930 1.0 163 
3931 1.0 181 
3932 1.0 233 
3933 1.0 168 
3934 1.0 160 
3935 1.0 199 
3936 1.0 183 
3937 1.0 167 
3938 1.0 180 
3939 1.0 250 
3940 1.0 212 
3941 1.0 213 
3942 1.0 144 
3943 1.0 295 
3944 1.0 159 
3945 1.0 139 
3946 1.0 168 
3947 1.0 230 
3948 1.0 277 
3949 1.0 202 
3950 1.0 208 
3951 1.0 202 
3952 1.0 187 
3953 1.0 146 
3954 1.0 159 
3955 1.0 169 
3956 1.0 212 
3957 1.0 198 
3958 1.0 181 
3959 1.0 216 
3960 1.0 161 
3961 1.0 183 
3962 1.0 193 
3963 1.0 150 
3964 1.0 249 
3965 1.0 273 
3966 1.0 128 
3967 1.0 215 
3968 1.0 188 
3969 1.0 139 
3970 1.0 248 
3971 1.0 194 
3972 1.0 189 
3973 1.0 143 
3974 1.0 203 
3975 1.0 150 
3976 1.0 220 
3977 1.0 185 
3978 1.0 185 
3979 1.0 241 
3980 1.0 298 
3981 1.0 269 
3982 1.0 182 
3983 1.0 207 
3984 1.0 166 
3985 1.0 193 
3986 1.0 165 
3987 1.0 179 
3988 1.0 369 
3989 1.0 162 
3990 1.0 153 
3991 1.0 151 
3992 1.0 191 
3993 1.0 183 
3994 1.0 167 
3995 1.0 150 
3996 1.0 141 
3997 1.0 223 
3998 1.0 212 
3999 1.0 207 
4000 1.0 240 
4001 1.0 145 
4002 1.0 135 
4003 1.0 120 
4004 1.0 126 
4005 1.0 84 
4006 1.0 109 
4007 1.0 136 
4008 1.0 107 
4009 1.0 151 
4010 1.0 266 
4011 1.0 198 
4012 1.0 108 
4013 1.0 145 
4014 1.0 232 
4015 1.0 173 
4016 1.0 144 
4017 1.0 355 
4018 1.0 342 
4019 1.0 221 
4020 1.0 260 
4021 1.0 177 
4022 1.0 189 
4023 1.0 211 
4024 1.0 144 
4025 1.0 155 
4026 1.0 185 
4027 1.0 148 
4028 1.0 222 
4029 1.0 198 
4030 1.0 144 
4031 1.0 173 
4032 1.0 222 
4033 1.0 165 
4034 1.0 140 
4035 1.0 137 
4036 1.0 151 
4037 1.0 154 
4038 1.0 276 
4039 1.0 170 
4040 1.0 186 
4041 1.0 145 
4042 1.0 185 
4043 1.0 230 
4044 1.0 156 
4045 1.0 227 
4046 1.0 306 
4047 1.0 191 
4048 1.0 200 
4049 1.0 15 
4050 1.0 14 
4051 1.0 8 
4052 1.0 13 
4053 1.0 190 
4054 1.0 239 
4055 1.0 170 
4056 1.0 13 
4057 1.0 482 
4058 1.0 134 
4059 1.0 134 
4060 1.0 124 
4061 1.0 112 
4062 1.0 150 
4063 1.0 132 
4064 1.0 149 
4065 1.0 12 
4066 1.0 122 
4067 1.0 98 
4068 1.0 116 
4069 1.0 169 
4070 1.0 204 
4071 1.0 206 
4072 1.0 221 
4073 1.0 244 
4074 1.0 413 
4075 1.0 213 
4076 1.0 173 
4077 1.0 122 
4078 1.0 48 
4079 1.0 85 
4080 1.0 207 
4081 1.0 316 
4082 1.0 109 
4083 1.0 13 
4084 1.0 66 
4085 1.0 9 
4086 1.0 10 
4087 1.0 10 
4088 1.0 9 
4089 1.0 10 
4090 1.0 12 
4091 1.0 11 
4092 1.0 8 
4093 1.0 10 
4094 1.0 10 
4095 1.0 10 
4096 1.0 9 
4097 1.0 10 
4098 1.0 9 
4099 1.0 10 
4100 1.0 32 
4101 1.0 130 
4102 1.0 9 
4103 1.0 14 
4104 1.0 48 
4105 1.0 91 
4106 1.0 98 
4107 1.0 96 
4108 1.0 95 
4109 1.0 97 
4110 1.0 98 
4111 1.0 132 
4112 1.0 95 
4113 1.0 16 
4114 1.0 31 
4115 1.0 238 
4116 1.0 230 
4117 1.0 13 
4118 1.0 207 
4119 1.0 265 
4120 1.0 255 
4121 1.0 174 
4122 1.0 145 
4123 1.0 224 
4124 1.0 199 
4125 1.0 142 
4126 1.0 136 
4127 1.0 164 
4128 1.0 134 
4129 1.0 170 
4130 1.0 152 
4131 1.0 150 
4132 1.0 186 
4133 1.0 173 
4134 1.0 196 
4135 1.0 190 
4136 1.0 374 
4137 1.0 219 
4138 1.0 124 
4139 1.0 147 
4140 1.0 128 
4141 1.0 143 
4142 1.0 164 
4143 1.0 126 
4144 1.0 194 
4145 1.0 221 
4146 1.0 203 
4147 1.0 128 
4148 1.0 299 
4149 1.0 188 
4150 1.0 252 
4151 1.0 130 
4152 1.0 146 
4153 1.0 259 
4154 1.0 157 
4155 1.0 166 
4156 1.0 138 
4157 1.0 132 
4158 1.0 130 
4159 1.0 141 
4160 1.0 183 
4161 1.0 207 
4162 1.0 149 
4163 1.0 384 
4164 1.0 162 
4165 1.0 178 
4166 1.0 241 
4167 1.0 291 
4168 1.0 13 
4169 1.0 254 
4170 1.0 113 
4171 1.0 105 
4172 1.0 212 
4173 1.0 222 
4174 1.0 26 
4175 1.0 11 
4176 1.0 167 
4177 1.0 28 
4178 1.0 11 
4179 1.0 10 
4180 1.0 78 
4181 1.0 79 
4182 1.0 75 
4183 1.0 12 
4184 1.0 29 
4185 1.0 82 
4186 1.0 10 
4187 1.0 11 
4188 1.0 10 
4189 1.0 11 
4190 1.0 189 
4191 1.0 140 
4192 1.0 174 
4193 1.0 13 
4194 1.0 137 
4195 1.0 164 
4196 1.0 155 
4197 1.0 9 
4198 1.0 175 
4199 1.0 29 
4200 1.0 34 
4201 1.0 111 
4202 1.0 93 
4203 1.0 17 
4204 1.0 180 
4205 1.0 213 
4206 1.0 152 
4207 1.0 258 
4208 1.0 11 
4209 1.0 151 
4210 1.0 174 
4211 1.0 182 
4212 1.0 67 
4213 1.0 224 
4214 1.0 9 
4215 1.0 13 
4216 1.0 17 
4217 1.0 59 
4218 1.0 20 
4219 1.0 25 
4220 1.0 24 
4221 1.0 24 
4222 1.0 12 
4223 1.0 33 
4224 1.0 32 
4225 1.0 80 
4226 1.0 67 
4227 1.0 32 
4228 1.0 15 
4229 1.0 18 
4230 1.0 64 
4231 1.0 196 
4232 1.0 96 
4233 1.0 16 
4234 1.0 19 
4235 1.0 99 
4236 1.0 112 
4237 1.0 20 
4238 1.0 109 
4239 1.0 115 
4240 1.0 128 
4241 1.0 138 
4242 1.0 214 
4243 1.0 103 
4244 1.0 107 
4245 1.0 23 
4246 1.0 19 
4247 1.0 144 
4248 1.0 221 
4249 1.0 153 
4250 1.0 215 
4251 1.0 108 
4252 1.0 18 
4253 1.0 21 
4254 1.0 130 
4255 1.0 127 
4256 1.0 88 
4257 1.0 25 
4258 1.0 23 
4259 1.0 99 
4260 1.0 98 
4261 1.0 126 
4262 1.0 97 
4263 1.0 160 
4264 1.0 126 
4265 1.0 122 
4266 1.0 18 
4267 1.0 95 
4268 1.0 106 
4269 1.0 94 
4270 1.0 131 
4271 1.0 165 
4272 1.0 143 
4273 1.0 128 
4274 1.0 134 
4275 1.0 153 
4276 1.0 132 
4277 1.0 181 
4278 1.0 158 
4279 1.0 196 
4280 1.0 224 
4281 1.0 273 
4282 1.0 218 
4283 1.0 24 
4284 1.0 220 
4285 1.0 203 
4286 1.0 172 
4287 1.0 26 
4288 1.0 153 
4289 1.0 184 
4290 1.0 159 
4291 1.0 88 
4292 1.0 90 
4293 1.0 121 
4294 1.0 168 
4295 1.0 219 
4296 1.0 89 
4297 1.0 176 
4298 1.0 124 
4299 1.0 159 
4300 1.0 17 
4301 1.0 15 
4302 1.0 129 
4303 1.0 163 
4304 1.0 180 
4305 1.0 250 
4306 1.0 377 
4307 1.0 333 
4308 1.0 163 
4309 1.0 17 
4310 1.0 9 
4311 1.0 15 
4312 1.0 133 
4313 1.0 172 
4314 1.0 203 
4315 1.0 190 
4316 1.0 235 
4317 1.0 243 
4318 1.0 220 
4319 1.0 174 
4320 1.0 192 
4321 1.0 149 
4322 1.0 213 
4323 1.0 193 
4324 1.0 212 
4325 1.0 366 
4326 1.0 152 
4327 1.0 233 
4328 1.0 234 
4329 1.0 239 
4330 1.0 298 
4331 1.0 120 
4332 1.0 309 
4333 1.0 348 
4334 1.0 173 
4335 1.0 182 
4336 1.0 405 
4337 1.0 248 
4338 1.0 246 
4339 1.0 265 
4340 1.0 161 
4341 1.0 288 
4342 1.0 256 
4343 1.0 202 
4344 1.0 158 
4345 1.0 158 
4346 1.0 15 
4347 1.0 197 
4348 1.0 229 
4349 1.0 279 
4350 1.0 202 
4351 1.0 253 
4352 1.0 266 
4353 1.0 203 
4354 1.0 395 
4355 1.0 280 
4356 1.0 177 
4357 1.0 210 
4358 1.0 156 
4359 1.0 188 
4360 1.0 195 
4361 1.0 144 
4362 1.0 167 
4363 1.0 12 
4364 1.0 180 
4365 1.0 208 
4366 1.0 422 
4367 1.0 181 
4368 1.0 198 
4369 1.0 198 
4370 1.0 373 
4371 1.0 206 
4372 1.0 386 
4373 1.0 208 
4374 1.0 355 
4375 1.0 191 
4376 1.0 330 
4377 1.0 219 
4378 1.0 423 
4379 1.0 205 
4380 1.0 187 
4381 1.0 312 
4382 1.0 425 
4383 1.0 245 
4384 1.0 212 
4385 1.0 175 
4386 1.0 161 
4387 1.0 137 
4388 1.0 199 
4389 1.0 204 
4390 1.0 131 
4391 1.0 156 
4392 1.0 182 
4393 1.0 151 
4394 1.0 108 
4395 1.0 139 
4396 1.0 162 
4397 1.0 132 
4398 1.0 128 
4399 1.0 142 
4400 1.0 164 
4401 1.0 133 
4402 1.0 125 
4403 1.0 203 
4404 1.0 164 
4405 1.0 146 
4406 1.0 146 
4407 1.0 139 
4408 1.0 170 
4409 1.0 255 
4410 1.0 149 
4411 1.0 139 
4412 1.0 227 
4413 1.0 169 
4414 1.0 188 
4415 1.0 208 
4416 1.0 164 
4417 1.0 212 
4418 1.0 155 
4419 1.0 170 
4420 1.0 144 
4421 1.0 124 
4422 1.0 135 
4423 1.0 139 
4424 1.0 132 
4425 1.0 159 
4426 1.0 124 
4427 1.0 108 
4428 1.0 146 
4429 1.0 243 
4430 1.0 271 
4431 1.0 177 
4432 1.0 173 
4433 1.0 258 
4434 1.0 96 
4435 1.0 259 
4436 1.0 124 
4437 1.0 205 
4438 1.0 165 
4439 1.0 222 
4440 1.0 196 
4441 1.0 184 
4442 1.0 168 
4443 1.0 227 
4444 1.0 353 
4445 1.0 197 
4446 1.0 213 
4447 1.0 272 
4448 1.0 174 
4449 1.0 282 
4450 1.0 224 
4451 1.0 494 
4452 1.0 381 
4453 1.0 199 
4454 1.0 147 
4455 1.0 224 
4456 1.0 247 
4457 1.0 167 
4458 1.0 141 
4459 1.0 485 
4460 1.0 199 
4461 1.0 241 
4462 1.0 259 
4463 1.0 192 
4464 1.0 283 
4465 1.0 300 
4466 1.0 271 
4467 1.0 137 
4468 1.0 118 
4469 1.0 123 
4470 1.0 113 
4471 1.0 140 
4472 1.0 179 
4473 1.0 220 
4474 1.0 387 
4475 1.0 178 
4476 1.0 124 
4477 1.0 258 
4478 1.0 134 
4479 1.0 272 
4480 1.0 297 
4481 1.0 297 
4482 1.0 159 
4483 1.0 183 
4484 1.0 141 
4485 1.0 243 
4486 1.0 178 
4487 1.0 182 
4488 1.0 198 
4489 1.0 237 
4490 1.0 55 
4491 1.0 19 
4492 1.0 23 
4493 1.0 52 
4494 1.0 135 
4495 1.0 124 
4496 1.0 136 
4497 1.0 161 
4498 1.0 151 
4499 1.0 360 
4500 1.0 126 
4501 1.0 174 
4502 1.0 216 
4503 1.0 206 
4504 1.0 124 
4505 1.0 233 
4506 1.0 190 
4507 1.0 256 
4508 1.0 314 
4509 1.0 488 
4510 1.0 221 
4511 1.0 317 
4512 1.0 159 
4513 1.0 244 
4514 1.0 206 
4515 1.0 249 
4516 1.0 250 
4517 1.0 274 
4518 1.0 348 
4519 1.0 249 
4520 1.0 111 
4521 1.0 151 
4522 1.0 166 
4523 1.0 205 
4524 1.0 172 
4525 1.0 146 
4526 1.0 190 
4527 1.0 144 
4528 1.0 156 
4529 1.0 157 
4530 1.0 270 
4531 1.0 168 
4532 1.0 168 
4533 1.0 244 
4534 1.0 177 
4535 1.0 319 
4536 1.0 157 
4537 1.0 303 
4538 1.0 366 
4539 1.0 191 
4540 1.0 191 
4541 1.0 134 
4542 1.0 263 
4543 1.0 184 
4544 1.0 123 
4545 1.0 152 
4546 1.0 146 
4547 1.0 121 
4548 1.0 349 
4549 1.0 289 
4550 1.0 135 
4551 1.0 141 
4552 1.0 210 
4553 1.0 170 
4554 1.0 16 
4555 1.0 15 
4556 1.0 124 
4557 1.0 127 
4558 1.0 164 
4559 1.0 142 
4560 1.0 139 
4561 1.0 175 
4562 1.0 224 
4563 1.0 218 
4564 1.0 181 
4565 1.0 195 
4566 1.0 203 
4567 1.0 175 
4568 1.0 137 
4569 1.0 157 
4570 1.0 217 
4571 1.0 13 
4572 1.0 139 
4573 1.0 161 
4574 1.0 12 
4575 1.0 13 
4576 1.0 11 
4577 1.0 11 
4578 1.0 11 
4579 1.0 11 
4580 1.0 158 
4581 1.0 224 
4582 1.0 300 
4583 1.0 177 
4584 1.0 229 
4585 1.0 149 
4586 1.0 174 
4587 1.0 182 
4588 1.0 226 
4589 1.0 163 
4590 1.0 160 
4591 1.0 164 
4592 1.0 136 
4593 1.0 139 
4594 1.0 143 
4595 1.0 187 
4596 1.0 13 
4597 1.0 176 
4598 1.0 272 
4599 1.0 218 
4600 1.0 172 
4601 1.0 128 
4602 1.0 153 
4603 1.0 152 
4604 1.0 192 
4605 1.0 136 
4606 1.0 188 
4607 1.0 151 
4608 1.0 202 
4609 1.0 253 
4610 1.0 295 
4611 1.0 194 
4612 1.0 129 
4613 1.0 176 
4614 1.0 156 
4615 1.0 170 
4616 1.0 154 
4617 1.0 198 
4618 1.0 202 
4619 1.0 334 
4620 1.0 218 
4621 1.0 171 
4622 1.0 168 
4623 1.0 447 
4624 1.0 238 
4625 1.0 272 
4626 1.0 155 
4627 1.0 175 
4628 1.0 155 
4629 1.0 157 
4630 1.0 141 
4631 1.0 137 
4632 1.0 134 
4633 1.0 142 
4634 1.0 200 
4635 1.0 138 
4636 1.0 166 
4637 1.0 194 
4638 1.0 125 
4639 1.0 153 
4640 1.0 321 
4641 1.0 303 
4642 1.0 322 
4643 1.0 198 
4644 1.0 58 
4645 1.0 136 
4646 1.0 13 
4647 1.0 125 
4648 1.0 153 
4649 1.0 12 
4650 1.0 11 
4651 1.0 145 
4652 1.0 12 
4653 1.0 98 
4654 1.0 101 
4655 1.0 192 
4656 1.0 133 
4657 1.0 333 
4658 1.0 146 
4659 1.0 132 
4660 1.0 113 
4661 1.0 14 
4662 1.0 15 
4663 1.0 15 
4664 1.0 18 
4665 1.0 74 
4666 1.0 208 
4667 1.0 165 
4668 1.0 118 
4669 1.0 112 
4670 1.0 141 
4671 1.0 338 
4672 1.0 146 
4673 1.0 15 
4674 1.0 156 
4675 1.0 80 
4676 1.0 149 
4677 1.0 80 
4678 1.0 75 
4679 1.0 218 
4680 1.0 139 
4681 1.0 299 
4682 1.0 177 
4683 1.0 168 
4684 1.0 201 
4685 1.0 170 
4686 1.0 170 
4687 1.0 247 
4688 1.0 130 
4689 1.0 137 
4690 1.0 118 
4691 1.0 188 
4692 1.0 17 
4693 1.0 25 
4694 1.0 147 
4695 1.0 268 
4696 1.0 103 
4697 1.0 13 
4698 1.0 12 
4699 1.0 174 
4700 1.0 152 
4701 1.0 128 
4702 1.0 16 
4703 1.0 19 
4704 1.0 117 
4705 1.0 68 
4706 1.0 16 
4707 1.0 16 
4708 1.0 14 
4709 1.0 18 
4710 1.0 196 
4711 1.0 206 
4712 1.0 258 
4713 1.0 203 
4714 1.0 261 
4715 1.0 164 
4716 1.0 144 
4717 1.0 136 
4718 1.0 146 
4719 1.0 92 
4720 1.0 13 
4721 1.0 163 
4722 1.0 158 
4723 1.0 208 
4724 1.0 144 
4725 1.0 144 
4726 1.0 224 
4727 1.0 180 
4728 1.0 183 
4729 1.0 316 
4730 1.0 286 
4731 1.0 331 
4732 1.0 234 
4733 1.0 240 
4734 1.0 140 
4735 1.0 461 
4736 1.0 346 
4737 1.0 264 
4738 1.0 279 
4739 1.0 209 
4740 1.0 302 
4741 1.0 231 
4742 1.0 246 
4743 1.0 256 
4744 1.0 223 
4745 1.0 194 
4746 1.0 223 
4747 1.0 219 
4748 1.0 262 
4749 1.0 336 
4750 1.0 147 
4751 1.0 20 
4752 1.0 153 
4753 1.0 484 
4754 1.0 248 
4755 1.0 193 
4756 1.0 183 
4757 1.0 151 
4758 1.0 166 
4759 1.0 373 
4760 1.0 268 
4761 1.0 199 
4762 1.0 342 
4763 1.0 156 
4764 1.0 324 
4765 1.0 199 
4766 1.0 207 
4767 1.0 57 
4768 1.0 136 
4769 1.0 169 
4770 1.0 144 
4771 1.0 125 
4772 1.0 221 
4773 1.0 191 
4774 1.0 55 
4775 1.0 141 
4776 1.0 151 
4777 1.0 169 
4778 1.0 213 
4779 1.0 151 
4780 1.0 28 
4781 1.0 281 
4782 1.0 170 
4783 1.0 174 
4784 1.0 213 
4785 1.0 353 
4786 1.0 186 
4787 1.0 160 
4788 1.0 239 
4789 1.0 147 
4790 1.0 224 
4791 1.0 154 
4792 1.0 154 
4793 1.0 500 
4794 1.0 333 
4795 1.0 335 
4796 1.0 274 
4797 1.0 151 
4798 1.0 147 
4799 1.0 181 
4800 1.0 188 
4801 1.0 225 
4802 1.0 226 
4803 1.0 173 
4804 1.0 203 
4805 1.0 280 
4806 1.0 297 
4807 1.0 265 
4808 1.0 494 
4809 1.0 307 
4810 1.0 275 
4811 1.0 236 
4812 1.0 493 
4813 1.0 181 
4814 1.0 176 
4815 1.0 371 
4816 1.0 203 
4817 1.0 232 
4818 1.0 215 
4819 1.0 194 
4820 1.0 121 
4821 1.0 148 
4822 1.0 165 
4823 1.0 157 
4824 1.0 166 
4825 1.0 234 
4826 1.0 136 
4827 1.0 136 
4828 1.0 165 
4829 1.0 178 
4830 1.0 155 
4831 1.0 156 
4832 1.0 176 
4833 1.0 161 
4834 1.0 142 
4835 1.0 181 
4836 1.0 159 
4837 1.0 235 
4838 1.0 204 
4839 1.0 152 
4840 1.0 119 
4841 1.0 120 
4842 1.0 139 
4843 1.0 123 
4844 1.0 142 
4845 1.0 141 
4846 1.0 197 
4847 1.0 391 
4848 1.0 238 
4849 1.0 166 
4850 1.0 174 
4851 1.0 433 
4852 1.0 192 
4853 1.0 294 
4854 1.0 178 
4855 1.0 180 
4856 1.0 267 
4857 1.0 222 
4858 1.0 243 
4859 1.0 231 
4860 1.0 287 
4861 1.0 154 
4862 1.0 462 
4863 1.0 135 
4864 1.0 220 
4865 1.0 98 
4866 1.0 193 
4867 1.0 178 
4868 1.0 209 
4869 1.0 401 
4870 1.0 268 
4871 1.0 214 
4872 1.0 179 
4873 1.0 165 
4874 1.0 165 
4875 1.0 213 
4876 1.0 340 
4877 1.0 84 
4878 1.0 154 
4879 1.0 55 
4880 1.0 77 
4881 1.0 76 
4882 1.0 139 
4883 1.0 153 
4884 1.0 149 
4885 1.0 134 
4886 1.0 151 
4887 1.0 92 
4888 1.0 125 
4889 1.0 120 
4890 1.0 183 
4891 1.0 120 
4892 1.0 121 
4893 1.0 213 
4894 1.0 300 
4895 1.0 185 
4896 1.0 500 
4897 1.0 290 
4898 1.0 489 
4899 1.0 149 
4900 1.0 209 
4901 1.0 177 
4902 1.0 155 
4903 1.0 216 
4904 1.0 157 
4905 1.0 138 
4906 1.0 162 
4907 1.0 151 
4908 1.0 149 
4909 1.0 236 
4910 1.0 193 
4911 1.0 215 
4912 1.0 183 
4913 1.0 226 
4914 1.0 198 
4915 1.0 247 
4916 1.0 204 
4917 1.0 212 
4918 1.0 190 
4919 1.0 159 
4920 1.0 126 
4921 1.0 133 
4922 1.0 134 
4923 1.0 144 
4924 1.0 164 
4925 1.0 366 
4926 1.0 165 
4927 1.0 143 
4928 1.0 131 
4929 1.0 127 
4930 1.0 186 
4931 1.0 141 
4932 1.0 163 
4933 1.0 184 
4934 1.0 175 
4935 1.0 169 
4936 1.0 141 
4937 1.0 140 
4938 1.0 118 
4939 1.0 126 
4940 1.0 174 
4941 1.0 147 
4942 1.0 135 
4943 1.0 156 
4944 1.0 180 
4945 1.0 158 
4946 1.0 140 
4947 1.0 251 
4948 1.0 340 
4949 1.0 369 
4950 1.0 175 
4951 1.0 177 
4952 1.0 207 
4953 1.0 202 
4954 1.0 190 
4955 1.0 173 
4956 1.0 166 
4957 1.0 193 
4958 1.0 142 
4959 1.0 192 
4960 1.0 175 
4961 1.0 260 
4962 1.0 276 
4963 1.0 222 
4964 1.0 209 
4965 1.0 202 
4966 1.0 231 
4967 1.0 188 
4968 1.0 241 
4969 1.0 193 
4970 1.0 159 
4971 1.0 172 
4972 1.0 173 
4973 1.0 155 
4974 1.0 164 
4975 1.0 230 
4976 1.0 249 
4977 1.0 216 
4978 1.0 436 
4979 1.0 127 
4980 1.0 137 
4981 1.0 131 
4982 1.0 139 
4983 1.0 157 
4984 1.0 116 
4985 1.0 193 
4986 1.0 166 
4987 1.0 314 
4988 1.0 219 
4989 1.0 191 
4990 1.0 125 
4991 1.0 202 
4992 1.0 185 
4993 1.0 171 
4994 1.0 163 
4995 1.0 168 
4996 1.0 200 
4997 1.0 193 
4998 1.0 128 
4999 1.0 151 
5000 1.0 162 
